id,name,credit,songid,song,labelid,label
3895,Jean‐Pierre Rampal,1813064,189047,Favorite Encores,-1,
405098,Shigenobu Yamaoka,1813064,189047,Favorite Encores,-1,
