id,name,credit,songid,song,labelid,label
32798,Georg Philipp Telemann,2029877,423360,Don Quixote,-1,
534134,Ленинградский Камерный Оркестр,2029877,423360,Don Quixote,-1,
