id,name,credit,songid,song,labelid,label
1831605,Simon Barnard,2850428,2179582,Doctor Who - The Sixth Doctor: The Last Adventure,16092,Big Finish Productions
1831605,Simon Barnard,2850428,2179582,Doctor Who - The Sixth Doctor: The Last Adventure,16092,Big Finish Productions
1831605,Simon Barnard,2850428,2179582,Doctor Who - The Sixth Doctor: The Last Adventure,16092,Big Finish Productions
1832485,Paul Morris,2850428,2179582,Doctor Who - The Sixth Doctor: The Last Adventure,16092,Big Finish Productions
1832485,Paul Morris,2850428,2179582,Doctor Who - The Sixth Doctor: The Last Adventure,16092,Big Finish Productions
1832485,Paul Morris,2850428,2179582,Doctor Who - The Sixth Doctor: The Last Adventure,16092,Big Finish Productions
1298868,Alan Barnes,2850428,2179582,Doctor Who - The Sixth Doctor: The Last Adventure,16092,Big Finish Productions
1298868,Alan Barnes,2850428,2179582,Doctor Who - The Sixth Doctor: The Last Adventure,16092,Big Finish Productions
1298868,Alan Barnes,2850428,2179582,Doctor Who - The Sixth Doctor: The Last Adventure,16092,Big Finish Productions
1298900,Matt Fitton,2850428,2179582,Doctor Who - The Sixth Doctor: The Last Adventure,16092,Big Finish Productions
1298900,Matt Fitton,2850428,2179582,Doctor Who - The Sixth Doctor: The Last Adventure,16092,Big Finish Productions
1298900,Matt Fitton,2850428,2179582,Doctor Who - The Sixth Doctor: The Last Adventure,16092,Big Finish Productions
396916,Nicholas Briggs,2850428,2179582,Doctor Who - The Sixth Doctor: The Last Adventure,16092,Big Finish Productions
396916,Nicholas Briggs,2850428,2179582,Doctor Who - The Sixth Doctor: The Last Adventure,16092,Big Finish Productions
396916,Nicholas Briggs,2850428,2179582,Doctor Who - The Sixth Doctor: The Last Adventure,16092,Big Finish Productions
486491,Colin Baker,2850428,2179582,Doctor Who - The Sixth Doctor: The Last Adventure,16092,Big Finish Productions
486491,Colin Baker,2850428,2179582,Doctor Who - The Sixth Doctor: The Last Adventure,16092,Big Finish Productions
486491,Colin Baker,2850428,2179582,Doctor Who - The Sixth Doctor: The Last Adventure,16092,Big Finish Productions
1831821,Trevor Baxter,2850428,2179582,Doctor Who - The Sixth Doctor: The Last Adventure,16092,Big Finish Productions
1831821,Trevor Baxter,2850428,2179582,Doctor Who - The Sixth Doctor: The Last Adventure,16092,Big Finish Productions
1831821,Trevor Baxter,2850428,2179582,Doctor Who - The Sixth Doctor: The Last Adventure,16092,Big Finish Productions
1829923,Christopher Benjamin,2850428,2179582,Doctor Who - The Sixth Doctor: The Last Adventure,16092,Big Finish Productions
1829923,Christopher Benjamin,2850428,2179582,Doctor Who - The Sixth Doctor: The Last Adventure,16092,Big Finish Productions
1829923,Christopher Benjamin,2850428,2179582,Doctor Who - The Sixth Doctor: The Last Adventure,16092,Big Finish Productions
1298870,India Fisher,2850428,2179582,Doctor Who - The Sixth Doctor: The Last Adventure,16092,Big Finish Productions
1298870,India Fisher,2850428,2179582,Doctor Who - The Sixth Doctor: The Last Adventure,16092,Big Finish Productions
1298870,India Fisher,2850428,2179582,Doctor Who - The Sixth Doctor: The Last Adventure,16092,Big Finish Productions
1830812,Lisa Greenwood,2850428,2179582,Doctor Who - The Sixth Doctor: The Last Adventure,16092,Big Finish Productions
1830812,Lisa Greenwood,2850428,2179582,Doctor Who - The Sixth Doctor: The Last Adventure,16092,Big Finish Productions
1830812,Lisa Greenwood,2850428,2179582,Doctor Who - The Sixth Doctor: The Last Adventure,16092,Big Finish Productions
1830994,Michael Jayston,2850428,2179582,Doctor Who - The Sixth Doctor: The Last Adventure,16092,Big Finish Productions
1830994,Michael Jayston,2850428,2179582,Doctor Who - The Sixth Doctor: The Last Adventure,16092,Big Finish Productions
1830994,Michael Jayston,2850428,2179582,Doctor Who - The Sixth Doctor: The Last Adventure,16092,Big Finish Productions
1831024,Miranda Raison,2850428,2179582,Doctor Who - The Sixth Doctor: The Last Adventure,16092,Big Finish Productions
1831024,Miranda Raison,2850428,2179582,Doctor Who - The Sixth Doctor: The Last Adventure,16092,Big Finish Productions
1831024,Miranda Raison,2850428,2179582,Doctor Who - The Sixth Doctor: The Last Adventure,16092,Big Finish Productions
1298828,Jonathan Morris,2866780,2178207,Doctor Who: Flip Flop,16092,Big Finish Productions
1298828,Jonathan Morris,2866780,2178207,Doctor Who: Flip Flop,16092,Big Finish Productions
1298828,Jonathan Morris,2866780,2178207,Doctor Who: Flip Flop,16092,Big Finish Productions
1298828,Jonathan Morris,2866780,2178207,Doctor Who: Flip Flop,16092,Big Finish Productions
605826,Sylvester McCoy,2866780,2178207,Doctor Who: Flip Flop,16092,Big Finish Productions
605826,Sylvester McCoy,2866780,2178207,Doctor Who: Flip Flop,16092,Big Finish Productions
605826,Sylvester McCoy,2866780,2178207,Doctor Who: Flip Flop,16092,Big Finish Productions
605826,Sylvester McCoy,2866780,2178207,Doctor Who: Flip Flop,16092,Big Finish Productions
1831604,Simon A Forward,2855996,2183129,Doctor Who - Short Trips: Mel-evolent,16092,Big Finish Productions
1831187,Penelope Faith,2855997,2183138,Doctor Who - Short Trips: The Devil's Footprints,16092,Big Finish Productions
1298900,Matt Fitton,2856014,2178234,Doctor Who: A Life of Crime,16092,Big Finish Productions
1298900,Matt Fitton,2856014,2178234,Doctor Who: A Life of Crime,16092,Big Finish Productions
1298900,Matt Fitton,2856014,2179969,Doctor Who: A Life of Crime Part 1,16092,Big Finish Productions
605826,Sylvester McCoy,2856014,2178234,Doctor Who: A Life of Crime,16092,Big Finish Productions
605826,Sylvester McCoy,2856014,2178234,Doctor Who: A Life of Crime,16092,Big Finish Productions
605826,Sylvester McCoy,2856014,2179969,Doctor Who: A Life of Crime Part 1,16092,Big Finish Productions
1830320,Ginny Holder,2856014,2178234,Doctor Who: A Life of Crime,16092,Big Finish Productions
1830320,Ginny Holder,2856014,2178234,Doctor Who: A Life of Crime,16092,Big Finish Productions
1830320,Ginny Holder,2856014,2179969,Doctor Who: A Life of Crime Part 1,16092,Big Finish Productions
1830117,Des McAleer,2856014,2178234,Doctor Who: A Life of Crime,16092,Big Finish Productions
1830117,Des McAleer,2856014,2178234,Doctor Who: A Life of Crime,16092,Big Finish Productions
1830117,Des McAleer,2856014,2179969,Doctor Who: A Life of Crime Part 1,16092,Big Finish Productions
1830367,Harry Myers,2856014,2178234,Doctor Who: A Life of Crime,16092,Big Finish Productions
1830367,Harry Myers,2856014,2178234,Doctor Who: A Life of Crime,16092,Big Finish Productions
1830367,Harry Myers,2856014,2179969,Doctor Who: A Life of Crime Part 1,16092,Big Finish Productions
1286653,Sophie Aldred,2856014,2178234,Doctor Who: A Life of Crime,16092,Big Finish Productions
1286653,Sophie Aldred,2856014,2178234,Doctor Who: A Life of Crime,16092,Big Finish Productions
1286653,Sophie Aldred,2856014,2179969,Doctor Who: A Life of Crime Part 1,16092,Big Finish Productions
1828249,John Banks,2856014,2178234,Doctor Who: A Life of Crime,16092,Big Finish Productions
1828249,John Banks,2856014,2178234,Doctor Who: A Life of Crime,16092,Big Finish Productions
1828249,John Banks,2856014,2179969,Doctor Who: A Life of Crime Part 1,16092,Big Finish Productions
1831660,Stephen Hagan,2856014,2178234,Doctor Who: A Life of Crime,16092,Big Finish Productions
1831660,Stephen Hagan,2856014,2178234,Doctor Who: A Life of Crime,16092,Big Finish Productions
1831660,Stephen Hagan,2856014,2179969,Doctor Who: A Life of Crime Part 1,16092,Big Finish Productions
1828571,Guy Adams,2856015,2178221,Doctor Who: Fiesta of the Damned,16092,Big Finish Productions
1828571,Guy Adams,2856015,2178221,Doctor Who: Fiesta of the Damned,16092,Big Finish Productions
1828571,Guy Adams,2856015,2178221,Doctor Who: Fiesta of the Damned,16092,Big Finish Productions
605826,Sylvester McCoy,2856015,2178221,Doctor Who: Fiesta of the Damned,16092,Big Finish Productions
605826,Sylvester McCoy,2856015,2178221,Doctor Who: Fiesta of the Damned,16092,Big Finish Productions
605826,Sylvester McCoy,2856015,2178221,Doctor Who: Fiesta of the Damned,16092,Big Finish Productions
1218349,Tom Alexander,2856015,2178221,Doctor Who: Fiesta of the Damned,16092,Big Finish Productions
1218349,Tom Alexander,2856015,2178221,Doctor Who: Fiesta of the Damned,16092,Big Finish Productions
1218349,Tom Alexander,2856015,2178221,Doctor Who: Fiesta of the Damned,16092,Big Finish Productions
1831139,Owen Aaronovitch,2856015,2178221,Doctor Who: Fiesta of the Damned,16092,Big Finish Productions
1831139,Owen Aaronovitch,2856015,2178221,Doctor Who: Fiesta of the Damned,16092,Big Finish Productions
1831139,Owen Aaronovitch,2856015,2178221,Doctor Who: Fiesta of the Damned,16092,Big Finish Productions
1830215,Enzo Squillino Jnr,2856015,2178221,Doctor Who: Fiesta of the Damned,16092,Big Finish Productions
1830215,Enzo Squillino Jnr,2856015,2178221,Doctor Who: Fiesta of the Damned,16092,Big Finish Productions
1830215,Enzo Squillino Jnr,2856015,2178221,Doctor Who: Fiesta of the Damned,16092,Big Finish Productions
1286653,Sophie Aldred,2856015,2178221,Doctor Who: Fiesta of the Damned,16092,Big Finish Productions
1286653,Sophie Aldred,2856015,2178221,Doctor Who: Fiesta of the Damned,16092,Big Finish Productions
1286653,Sophie Aldred,2856015,2178221,Doctor Who: Fiesta of the Damned,16092,Big Finish Productions
1829930,Christopher Hatherall,2856015,2178221,Doctor Who: Fiesta of the Damned,16092,Big Finish Productions
1829930,Christopher Hatherall,2856015,2178221,Doctor Who: Fiesta of the Damned,16092,Big Finish Productions
1829930,Christopher Hatherall,2856015,2178221,Doctor Who: Fiesta of the Damned,16092,Big Finish Productions
1830957,Matthew J Elliott,2856016,2177983,Doctor Who: Maker of Demons,16092,Big Finish Productions
1830957,Matthew J Elliott,2856016,2177983,Doctor Who: Maker of Demons,16092,Big Finish Productions
1830957,Matthew J Elliott,2856016,2177983,Doctor Who: Maker of Demons,16092,Big Finish Productions
605826,Sylvester McCoy,2856016,2177983,Doctor Who: Maker of Demons,16092,Big Finish Productions
605826,Sylvester McCoy,2856016,2177983,Doctor Who: Maker of Demons,16092,Big Finish Productions
605826,Sylvester McCoy,2856016,2177983,Doctor Who: Maker of Demons,16092,Big Finish Productions
1830227,Ewan Goddard,2856016,2177983,Doctor Who: Maker of Demons,16092,Big Finish Productions
1830227,Ewan Goddard,2856016,2177983,Doctor Who: Maker of Demons,16092,Big Finish Productions
1830227,Ewan Goddard,2856016,2177983,Doctor Who: Maker of Demons,16092,Big Finish Productions
1830844,Lucy Briggs-Owen,2856016,2177983,Doctor Who: Maker of Demons,16092,Big Finish Productions
1830844,Lucy Briggs-Owen,2856016,2177983,Doctor Who: Maker of Demons,16092,Big Finish Productions
1830844,Lucy Briggs-Owen,2856016,2177983,Doctor Who: Maker of Demons,16092,Big Finish Productions
1829541,Aaron Neil,2856016,2177983,Doctor Who: Maker of Demons,16092,Big Finish Productions
1829541,Aaron Neil,2856016,2177983,Doctor Who: Maker of Demons,16092,Big Finish Productions
1829541,Aaron Neil,2856016,2177983,Doctor Who: Maker of Demons,16092,Big Finish Productions
1831350,Rachel Atkins,2856016,2177983,Doctor Who: Maker of Demons,16092,Big Finish Productions
1831350,Rachel Atkins,2856016,2177983,Doctor Who: Maker of Demons,16092,Big Finish Productions
1831350,Rachel Atkins,2856016,2177983,Doctor Who: Maker of Demons,16092,Big Finish Productions
1829660,Andrew Hall,2856016,2177983,Doctor Who: Maker of Demons,16092,Big Finish Productions
1829660,Andrew Hall,2856016,2177983,Doctor Who: Maker of Demons,16092,Big Finish Productions
1829660,Andrew Hall,2856016,2177983,Doctor Who: Maker of Demons,16092,Big Finish Productions
1286653,Sophie Aldred,2856016,2177983,Doctor Who: Maker of Demons,16092,Big Finish Productions
1286653,Sophie Aldred,2856016,2177983,Doctor Who: Maker of Demons,16092,Big Finish Productions
1286653,Sophie Aldred,2856016,2177983,Doctor Who: Maker of Demons,16092,Big Finish Productions
1832457,John Dorney,2856017,2179946,Doctor Who: The High Price of Parking,16092,Big Finish Productions
1832457,John Dorney,2856017,2179946,Doctor Who: The High Price of Parking,16092,Big Finish Productions
605826,Sylvester McCoy,2856017,2179946,Doctor Who: The High Price of Parking,16092,Big Finish Productions
605826,Sylvester McCoy,2856017,2179946,Doctor Who: The High Price of Parking,16092,Big Finish Productions
1830399,Hywel Morgan,2856017,2179946,Doctor Who: The High Price of Parking,16092,Big Finish Productions
1830399,Hywel Morgan,2856017,2179946,Doctor Who: The High Price of Parking,16092,Big Finish Productions
1828602,James Joyce,2856017,2179946,Doctor Who: The High Price of Parking,16092,Big Finish Productions
1828602,James Joyce,2856017,2179946,Doctor Who: The High Price of Parking,16092,Big Finish Productions
1830791,Leighton Pugh,2856017,2179946,Doctor Who: The High Price of Parking,16092,Big Finish Productions
1830791,Leighton Pugh,2856017,2179946,Doctor Who: The High Price of Parking,16092,Big Finish Productions
1286653,Sophie Aldred,2856017,2179946,Doctor Who: The High Price of Parking,16092,Big Finish Productions
1286653,Sophie Aldred,2856017,2179946,Doctor Who: The High Price of Parking,16092,Big Finish Productions
1830703,Kate Duchêne,2856017,2179946,Doctor Who: The High Price of Parking,16092,Big Finish Productions
1830703,Kate Duchêne,2856017,2179946,Doctor Who: The High Price of Parking,16092,Big Finish Productions
1830436,Jack Monaghan,2856017,2179946,Doctor Who: The High Price of Parking,16092,Big Finish Productions
1830436,Jack Monaghan,2856017,2179946,Doctor Who: The High Price of Parking,16092,Big Finish Productions
1830261,Gabrielle Glaister,2856017,2179946,Doctor Who: The High Price of Parking,16092,Big Finish Productions
1830261,Gabrielle Glaister,2856017,2179946,Doctor Who: The High Price of Parking,16092,Big Finish Productions
1830158,Eddie Robson,2856018,2179837,Doctor Who: The Blood Furnace,16092,Big Finish Productions
1830158,Eddie Robson,2856018,2179837,Doctor Who: The Blood Furnace,16092,Big Finish Productions
605826,Sylvester McCoy,2856018,2179837,Doctor Who: The Blood Furnace,16092,Big Finish Productions
605826,Sylvester McCoy,2856018,2179837,Doctor Who: The Blood Furnace,16092,Big Finish Productions
1830839,Louis Tamone,2856018,2179837,Doctor Who: The Blood Furnace,16092,Big Finish Productions
1830839,Louis Tamone,2856018,2179837,Doctor Who: The Blood Furnace,16092,Big Finish Productions
1830415,Ignatius Anthony,2856018,2179837,Doctor Who: The Blood Furnace,16092,Big Finish Productions
1830415,Ignatius Anthony,2856018,2179837,Doctor Who: The Blood Furnace,16092,Big Finish Productions
1831790,Todd Heppenstall,2856018,2179837,Doctor Who: The Blood Furnace,16092,Big Finish Productions
1831790,Todd Heppenstall,2856018,2179837,Doctor Who: The Blood Furnace,16092,Big Finish Productions
1830442,Jade Anouka,2856018,2179837,Doctor Who: The Blood Furnace,16092,Big Finish Productions
1830442,Jade Anouka,2856018,2179837,Doctor Who: The Blood Furnace,16092,Big Finish Productions
1829954,Clare Calbraith,2856018,2179837,Doctor Who: The Blood Furnace,16092,Big Finish Productions
1829954,Clare Calbraith,2856018,2179837,Doctor Who: The Blood Furnace,16092,Big Finish Productions
1286653,Sophie Aldred,2856018,2179837,Doctor Who: The Blood Furnace,16092,Big Finish Productions
1286653,Sophie Aldred,2856018,2179837,Doctor Who: The Blood Furnace,16092,Big Finish Productions
1830678,Julie Graham,2856018,2179837,Doctor Who: The Blood Furnace,16092,Big Finish Productions
1830678,Julie Graham,2856018,2179837,Doctor Who: The Blood Furnace,16092,Big Finish Productions
1830957,Matthew J Elliott,2856019,2178189,Doctor Who: The Silurian Candidate,16092,Big Finish Productions
1830957,Matthew J Elliott,2856019,2178189,Doctor Who: The Silurian Candidate,16092,Big Finish Productions
1830957,Matthew J Elliott,2856019,2179997,Doctor Who: The Silurian Candidate Part 1,16092,Big Finish Productions
1830957,Matthew J Elliott,2856019,2179997,Doctor Who: The Silurian Candidate Part 1,16092,Big Finish Productions
605826,Sylvester McCoy,2856019,2178189,Doctor Who: The Silurian Candidate,16092,Big Finish Productions
605826,Sylvester McCoy,2856019,2178189,Doctor Who: The Silurian Candidate,16092,Big Finish Productions
605826,Sylvester McCoy,2856019,2179997,Doctor Who: The Silurian Candidate Part 1,16092,Big Finish Productions
605826,Sylvester McCoy,2856019,2179997,Doctor Who: The Silurian Candidate Part 1,16092,Big Finish Productions
1830242,Fiona Sheehan,2856019,2178189,Doctor Who: The Silurian Candidate,16092,Big Finish Productions
1830242,Fiona Sheehan,2856019,2178189,Doctor Who: The Silurian Candidate,16092,Big Finish Productions
1830242,Fiona Sheehan,2856019,2179997,Doctor Who: The Silurian Candidate Part 1,16092,Big Finish Productions
1830242,Fiona Sheehan,2856019,2179997,Doctor Who: The Silurian Candidate Part 1,16092,Big Finish Productions
1830836,Louise Mai Newberry,2856019,2178189,Doctor Who: The Silurian Candidate,16092,Big Finish Productions
1830836,Louise Mai Newberry,2856019,2178189,Doctor Who: The Silurian Candidate,16092,Big Finish Productions
1830836,Louise Mai Newberry,2856019,2179997,Doctor Who: The Silurian Candidate Part 1,16092,Big Finish Productions
1830836,Louise Mai Newberry,2856019,2179997,Doctor Who: The Silurian Candidate Part 1,16092,Big Finish Productions
396916,Nicholas Briggs,2856019,2178189,Doctor Who: The Silurian Candidate,16092,Big Finish Productions
396916,Nicholas Briggs,2856019,2178189,Doctor Who: The Silurian Candidate,16092,Big Finish Productions
396916,Nicholas Briggs,2856019,2179997,Doctor Who: The Silurian Candidate Part 1,16092,Big Finish Productions
396916,Nicholas Briggs,2856019,2179997,Doctor Who: The Silurian Candidate Part 1,16092,Big Finish Productions
1286653,Sophie Aldred,2856019,2178189,Doctor Who: The Silurian Candidate,16092,Big Finish Productions
1286653,Sophie Aldred,2856019,2178189,Doctor Who: The Silurian Candidate,16092,Big Finish Productions
1286653,Sophie Aldred,2856019,2179997,Doctor Who: The Silurian Candidate Part 1,16092,Big Finish Productions
1286653,Sophie Aldred,2856019,2179997,Doctor Who: The Silurian Candidate Part 1,16092,Big Finish Productions
1830415,Ignatius Anthony,2856019,2178189,Doctor Who: The Silurian Candidate,16092,Big Finish Productions
1830415,Ignatius Anthony,2856019,2178189,Doctor Who: The Silurian Candidate,16092,Big Finish Productions
1830415,Ignatius Anthony,2856019,2179997,Doctor Who: The Silurian Candidate Part 1,16092,Big Finish Productions
1830415,Ignatius Anthony,2856019,2179997,Doctor Who: The Silurian Candidate Part 1,16092,Big Finish Productions
1831070,Nicholas Asbury,2856019,2178189,Doctor Who: The Silurian Candidate,16092,Big Finish Productions
1831070,Nicholas Asbury,2856019,2178189,Doctor Who: The Silurian Candidate,16092,Big Finish Productions
1831070,Nicholas Asbury,2856019,2179997,Doctor Who: The Silurian Candidate Part 1,16092,Big Finish Productions
1831070,Nicholas Asbury,2856019,2179997,Doctor Who: The Silurian Candidate Part 1,16092,Big Finish Productions
1829849,Caitlin Thorburn,2856019,2178189,Doctor Who: The Silurian Candidate,16092,Big Finish Productions
1829849,Caitlin Thorburn,2856019,2178189,Doctor Who: The Silurian Candidate,16092,Big Finish Productions
1829849,Caitlin Thorburn,2856019,2179997,Doctor Who: The Silurian Candidate Part 1,16092,Big Finish Productions
1829849,Caitlin Thorburn,2856019,2179997,Doctor Who: The Silurian Candidate Part 1,16092,Big Finish Productions
1831827,Una McCormack,2856020,2178176,Doctor Who: Red Planets,16092,Big Finish Productions
1831827,Una McCormack,2856020,2178176,Doctor Who: Red Planets,16092,Big Finish Productions
1831827,Una McCormack,2856020,2178176,Doctor Who: Red Planets,16092,Big Finish Productions
605826,Sylvester McCoy,2856020,2178176,Doctor Who: Red Planets,16092,Big Finish Productions
605826,Sylvester McCoy,2856020,2178176,Doctor Who: Red Planets,16092,Big Finish Productions
605826,Sylvester McCoy,2856020,2178176,Doctor Who: Red Planets,16092,Big Finish Productions
1829908,Chris Dale,2856020,2178176,Doctor Who: Red Planets,16092,Big Finish Productions
1829908,Chris Dale,2856020,2178176,Doctor Who: Red Planets,16092,Big Finish Productions
1829908,Chris Dale,2856020,2178176,Doctor Who: Red Planets,16092,Big Finish Productions
1832479,Matt Barber,2856020,2178176,Doctor Who: Red Planets,16092,Big Finish Productions
1832479,Matt Barber,2856020,2178176,Doctor Who: Red Planets,16092,Big Finish Productions
1832479,Matt Barber,2856020,2178176,Doctor Who: Red Planets,16092,Big Finish Productions
1830279,Genevieve Gaunt,2856020,2178176,Doctor Who: Red Planets,16092,Big Finish Productions
1830279,Genevieve Gaunt,2856020,2178176,Doctor Who: Red Planets,16092,Big Finish Productions
1830279,Genevieve Gaunt,2856020,2178176,Doctor Who: Red Planets,16092,Big Finish Productions
1830189,Elliot Levey,2856020,2178176,Doctor Who: Red Planets,16092,Big Finish Productions
1830189,Elliot Levey,2856020,2178176,Doctor Who: Red Planets,16092,Big Finish Productions
1830189,Elliot Levey,2856020,2178176,Doctor Who: Red Planets,16092,Big Finish Productions
1286653,Sophie Aldred,2856020,2178176,Doctor Who: Red Planets,16092,Big Finish Productions
1286653,Sophie Aldred,2856020,2178176,Doctor Who: Red Planets,16092,Big Finish Productions
1286653,Sophie Aldred,2856020,2178176,Doctor Who: Red Planets,16092,Big Finish Productions
633649,Max Bollinger,2856020,2178176,Doctor Who: Red Planets,16092,Big Finish Productions
633649,Max Bollinger,2856020,2178176,Doctor Who: Red Planets,16092,Big Finish Productions
633649,Max Bollinger,2856020,2178176,Doctor Who: Red Planets,16092,Big Finish Productions
1271810,Mark Morris,2856021,2180074,Doctor Who: The Dispossessed,16092,Big Finish Productions
1271810,Mark Morris,2856021,2180074,Doctor Who: The Dispossessed,16092,Big Finish Productions
605826,Sylvester McCoy,2856021,2180074,Doctor Who: The Dispossessed,16092,Big Finish Productions
605826,Sylvester McCoy,2856021,2180074,Doctor Who: The Dispossessed,16092,Big Finish Productions
1832118,Nick Ellsworth,2856021,2180074,Doctor Who: The Dispossessed,16092,Big Finish Productions
1832118,Nick Ellsworth,2856021,2180074,Doctor Who: The Dispossessed,16092,Big Finish Productions
1831686,Stirling Gallacher,2856021,2180074,Doctor Who: The Dispossessed,16092,Big Finish Productions
1831686,Stirling Gallacher,2856021,2180074,Doctor Who: The Dispossessed,16092,Big Finish Productions
1286653,Sophie Aldred,2856021,2180074,Doctor Who: The Dispossessed,16092,Big Finish Productions
1286653,Sophie Aldred,2856021,2180074,Doctor Who: The Dispossessed,16092,Big Finish Productions
1831028,Morgan Watkins,2856021,2180074,Doctor Who: The Dispossessed,16092,Big Finish Productions
1831028,Morgan Watkins,2856021,2180074,Doctor Who: The Dispossessed,16092,Big Finish Productions
1829712,Anna Mitcham,2856021,2180074,Doctor Who: The Dispossessed,16092,Big Finish Productions
1829712,Anna Mitcham,2856021,2180074,Doctor Who: The Dispossessed,16092,Big Finish Productions
1828571,Guy Adams,2856022,2178099,Doctor Who: The Quantum Possibility Engine,16092,Big Finish Productions
1828571,Guy Adams,2856022,2178099,Doctor Who: The Quantum Possibility Engine,16092,Big Finish Productions
605826,Sylvester McCoy,2856022,2178099,Doctor Who: The Quantum Possibility Engine,16092,Big Finish Productions
605826,Sylvester McCoy,2856022,2178099,Doctor Who: The Quantum Possibility Engine,16092,Big Finish Productions
1832213,Wayne Forester,2856022,2178099,Doctor Who: The Quantum Possibility Engine,16092,Big Finish Productions
1832213,Wayne Forester,2856022,2178099,Doctor Who: The Quantum Possibility Engine,16092,Big Finish Productions
1286653,Sophie Aldred,2856022,2178099,Doctor Who: The Quantum Possibility Engine,16092,Big Finish Productions
1286653,Sophie Aldred,2856022,2178099,Doctor Who: The Quantum Possibility Engine,16092,Big Finish Productions
1830663,Jules de Jongh,2856022,2178099,Doctor Who: The Quantum Possibility Engine,16092,Big Finish Productions
1830663,Jules de Jongh,2856022,2178099,Doctor Who: The Quantum Possibility Engine,16092,Big Finish Productions
1831572,Seán Carlsen,2856022,2178099,Doctor Who: The Quantum Possibility Engine,16092,Big Finish Productions
1831572,Seán Carlsen,2856022,2178099,Doctor Who: The Quantum Possibility Engine,16092,Big Finish Productions
1147338,Toby Longworth,2856022,2178099,Doctor Who: The Quantum Possibility Engine,16092,Big Finish Productions
1147338,Toby Longworth,2856022,2178099,Doctor Who: The Quantum Possibility Engine,16092,Big Finish Productions
1298828,Jonathan Morris,2856023,2179418,Doctor Who: We Are the Daleks Part 1,16092,Big Finish Productions
1298828,Jonathan Morris,2856023,2179984,Doctor Who: We Are the Daleks,16092,Big Finish Productions
1298828,Jonathan Morris,2856023,2179984,Doctor Who: We Are the Daleks,16092,Big Finish Productions
1298828,Jonathan Morris,2856023,2179984,Doctor Who: We Are the Daleks,16092,Big Finish Productions
605826,Sylvester McCoy,2856023,2179418,Doctor Who: We Are the Daleks Part 1,16092,Big Finish Productions
605826,Sylvester McCoy,2856023,2179984,Doctor Who: We Are the Daleks,16092,Big Finish Productions
605826,Sylvester McCoy,2856023,2179984,Doctor Who: We Are the Daleks,16092,Big Finish Productions
605826,Sylvester McCoy,2856023,2179984,Doctor Who: We Are the Daleks,16092,Big Finish Productions
1830752,Kirsty Besterman,2856023,2179418,Doctor Who: We Are the Daleks Part 1,16092,Big Finish Productions
1830752,Kirsty Besterman,2856023,2179984,Doctor Who: We Are the Daleks,16092,Big Finish Productions
1830752,Kirsty Besterman,2856023,2179984,Doctor Who: We Are the Daleks,16092,Big Finish Productions
1830752,Kirsty Besterman,2856023,2179984,Doctor Who: We Are the Daleks,16092,Big Finish Productions
1830135,Dominic Thorburn,2856023,2179418,Doctor Who: We Are the Daleks Part 1,16092,Big Finish Productions
1830135,Dominic Thorburn,2856023,2179984,Doctor Who: We Are the Daleks,16092,Big Finish Productions
1830135,Dominic Thorburn,2856023,2179984,Doctor Who: We Are the Daleks,16092,Big Finish Productions
1830135,Dominic Thorburn,2856023,2179984,Doctor Who: We Are the Daleks,16092,Big Finish Productions
1830823,Lizzie Roper,2856023,2179418,Doctor Who: We Are the Daleks Part 1,16092,Big Finish Productions
1830823,Lizzie Roper,2856023,2179984,Doctor Who: We Are the Daleks,16092,Big Finish Productions
1830823,Lizzie Roper,2856023,2179984,Doctor Who: We Are the Daleks,16092,Big Finish Productions
1830823,Lizzie Roper,2856023,2179984,Doctor Who: We Are the Daleks,16092,Big Finish Productions
1829751,Ashley Zhangazha,2856023,2179418,Doctor Who: We Are the Daleks Part 1,16092,Big Finish Productions
1829751,Ashley Zhangazha,2856023,2179984,Doctor Who: We Are the Daleks,16092,Big Finish Productions
1829751,Ashley Zhangazha,2856023,2179984,Doctor Who: We Are the Daleks,16092,Big Finish Productions
1829751,Ashley Zhangazha,2856023,2179984,Doctor Who: We Are the Daleks,16092,Big Finish Productions
396916,Nicholas Briggs,2856023,2179418,Doctor Who: We Are the Daleks Part 1,16092,Big Finish Productions
396916,Nicholas Briggs,2856023,2179984,Doctor Who: We Are the Daleks,16092,Big Finish Productions
396916,Nicholas Briggs,2856023,2179984,Doctor Who: We Are the Daleks,16092,Big Finish Productions
396916,Nicholas Briggs,2856023,2179984,Doctor Who: We Are the Daleks,16092,Big Finish Productions
1830939,Mary Conlon,2856023,2179418,Doctor Who: We Are the Daleks Part 1,16092,Big Finish Productions
1830939,Mary Conlon,2856023,2179984,Doctor Who: We Are the Daleks,16092,Big Finish Productions
1830939,Mary Conlon,2856023,2179984,Doctor Who: We Are the Daleks,16092,Big Finish Productions
1830939,Mary Conlon,2856023,2179984,Doctor Who: We Are the Daleks,16092,Big Finish Productions
1831436,Robbie Stevens,2856023,2179418,Doctor Who: We Are the Daleks Part 1,16092,Big Finish Productions
1831436,Robbie Stevens,2856023,2179984,Doctor Who: We Are the Daleks,16092,Big Finish Productions
1831436,Robbie Stevens,2856023,2179984,Doctor Who: We Are the Daleks,16092,Big Finish Productions
1831436,Robbie Stevens,2856023,2179984,Doctor Who: We Are the Daleks,16092,Big Finish Productions
1829693,Angus Wright,2856023,2179418,Doctor Who: We Are the Daleks Part 1,16092,Big Finish Productions
1829693,Angus Wright,2856023,2179984,Doctor Who: We Are the Daleks,16092,Big Finish Productions
1829693,Angus Wright,2856023,2179984,Doctor Who: We Are the Daleks,16092,Big Finish Productions
1829693,Angus Wright,2856023,2179984,Doctor Who: We Are the Daleks,16092,Big Finish Productions
605826,Sylvester McCoy,2856024,2178255,Doctor Who: The High Price of Parking Part 1,16092,Big Finish Productions
1830399,Hywel Morgan,2856024,2178255,Doctor Who: The High Price of Parking Part 1,16092,Big Finish Productions
1828602,James Joyce,2856024,2178255,Doctor Who: The High Price of Parking Part 1,16092,Big Finish Productions
1830791,Leighton Pugh,2856024,2178255,Doctor Who: The High Price of Parking Part 1,16092,Big Finish Productions
1286653,Sophie Aldred,2856024,2178255,Doctor Who: The High Price of Parking Part 1,16092,Big Finish Productions
1830703,Kate Duchêne,2856024,2178255,Doctor Who: The High Price of Parking Part 1,16092,Big Finish Productions
1830436,Jack Monaghan,2856024,2178255,Doctor Who: The High Price of Parking Part 1,16092,Big Finish Productions
1830261,Gabrielle Glaister,2856024,2178255,Doctor Who: The High Price of Parking Part 1,16092,Big Finish Productions
409930,Scott Alan Woodard,2856026,2178096,Doctor Who: The Juggernauts,16092,Big Finish Productions
409930,Scott Alan Woodard,2856026,2178096,Doctor Who: The Juggernauts,16092,Big Finish Productions
486491,Colin Baker,2856026,2178096,Doctor Who: The Juggernauts,16092,Big Finish Productions
486491,Colin Baker,2856026,2178096,Doctor Who: The Juggernauts,16092,Big Finish Productions
1829821,Bindya Solanki,2856026,2178096,Doctor Who: The Juggernauts,16092,Big Finish Productions
1829821,Bindya Solanki,2856026,2178096,Doctor Who: The Juggernauts,16092,Big Finish Productions
1831171,Paul Grunert,2856026,2178096,Doctor Who: The Juggernauts,16092,Big Finish Productions
1831171,Paul Grunert,2856026,2178096,Doctor Who: The Juggernauts,16092,Big Finish Productions
396916,Nicholas Briggs,2856026,2178096,Doctor Who: The Juggernauts,16092,Big Finish Productions
396916,Nicholas Briggs,2856026,2178096,Doctor Who: The Juggernauts,16092,Big Finish Productions
1831750,Terry Molloy,2856026,2178096,Doctor Who: The Juggernauts,16092,Big Finish Productions
1831750,Terry Molloy,2856026,2178096,Doctor Who: The Juggernauts,16092,Big Finish Productions
1830667,Julia Houghton,2856026,2178096,Doctor Who: The Juggernauts,16092,Big Finish Productions
1830667,Julia Houghton,2856026,2178096,Doctor Who: The Juggernauts,16092,Big Finish Productions
1832141,Peter Forbes,2856026,2178096,Doctor Who: The Juggernauts,16092,Big Finish Productions
1832141,Peter Forbes,2856026,2178096,Doctor Who: The Juggernauts,16092,Big Finish Productions
1830754,Klaus White,2856026,2178096,Doctor Who: The Juggernauts,16092,Big Finish Productions
1830754,Klaus White,2856026,2178096,Doctor Who: The Juggernauts,16092,Big Finish Productions
1829623,Alison Lawson,2856027,2179981,Doctor Who: Catch 1782,16092,Big Finish Productions
1829623,Alison Lawson,2856027,2179981,Doctor Who: Catch 1782,16092,Big Finish Productions
486491,Colin Baker,2856027,2179981,Doctor Who: Catch 1782,16092,Big Finish Productions
486491,Colin Baker,2856027,2179981,Doctor Who: Catch 1782,16092,Big Finish Productions
1828587,Michael Chance,2856027,2179981,Doctor Who: Catch 1782,16092,Big Finish Productions
1828587,Michael Chance,2856027,2179981,Doctor Who: Catch 1782,16092,Big Finish Productions
1830109,Derek Benfield,2856027,2179981,Doctor Who: Catch 1782,16092,Big Finish Productions
1830109,Derek Benfield,2856027,2179981,Doctor Who: Catch 1782,16092,Big Finish Productions
1830730,Keith Drinkel,2856027,2179981,Doctor Who: Catch 1782,16092,Big Finish Productions
1830730,Keith Drinkel,2856027,2179981,Doctor Who: Catch 1782,16092,Big Finish Productions
1830540,Jillie Meers,2856027,2179981,Doctor Who: Catch 1782,16092,Big Finish Productions
1830540,Jillie Meers,2856027,2179981,Doctor Who: Catch 1782,16092,Big Finish Productions
1831392,Rhiannon Meades,2856027,2179981,Doctor Who: Catch 1782,16092,Big Finish Productions
1831392,Rhiannon Meades,2856027,2179981,Doctor Who: Catch 1782,16092,Big Finish Productions
1830401,Iain Fairbairn,2856027,2179981,Doctor Who: Catch 1782,16092,Big Finish Productions
1830401,Iain Fairbairn,2856027,2179981,Doctor Who: Catch 1782,16092,Big Finish Productions
410063,David A. McIntee,2856028,2180230,Doctor Who: Unregenerate!,16092,Big Finish Productions
410063,David A. McIntee,2856028,2180230,Doctor Who: Unregenerate!,16092,Big Finish Productions
605826,Sylvester McCoy,2856028,2180230,Doctor Who: Unregenerate!,16092,Big Finish Productions
605826,Sylvester McCoy,2856028,2180230,Doctor Who: Unregenerate!,16092,Big Finish Productions
1831532,Sam Peter Jackson,2856028,2180230,Doctor Who: Unregenerate!,16092,Big Finish Productions
1831532,Sam Peter Jackson,2856028,2180230,Doctor Who: Unregenerate!,16092,Big Finish Productions
1147338,Toby Longworth,2856028,2180230,Doctor Who: Unregenerate!,16092,Big Finish Productions
1147338,Toby Longworth,2856028,2180230,Doctor Who: Unregenerate!,16092,Big Finish Productions
1830469,Jamie Sandford,2856028,2180230,Doctor Who: Unregenerate!,16092,Big Finish Productions
1830469,Jamie Sandford,2856028,2180230,Doctor Who: Unregenerate!,16092,Big Finish Productions
1830262,Gail Clayton,2856028,2180230,Doctor Who: Unregenerate!,16092,Big Finish Productions
1830262,Gail Clayton,2856028,2180230,Doctor Who: Unregenerate!,16092,Big Finish Productions
1830517,Jennie Linden,2856028,2180230,Doctor Who: Unregenerate!,16092,Big Finish Productions
1830517,Jennie Linden,2856028,2180230,Doctor Who: Unregenerate!,16092,Big Finish Productions
1830393,Hugh Hemmings,2856028,2180230,Doctor Who: Unregenerate!,16092,Big Finish Productions
1830393,Hugh Hemmings,2856028,2180230,Doctor Who: Unregenerate!,16092,Big Finish Productions
1832456,John Aston,2856028,2180230,Doctor Who: Unregenerate!,16092,Big Finish Productions
1832456,John Aston,2856028,2180230,Doctor Who: Unregenerate!,16092,Big Finish Productions
1832138,Paul Sutton,2856029,2179459,Doctor Who: Thicker Than Water,16092,Big Finish Productions
1832138,Paul Sutton,2856029,2179459,Doctor Who: Thicker Than Water,16092,Big Finish Productions
486491,Colin Baker,2856029,2179459,Doctor Who: Thicker Than Water,16092,Big Finish Productions
486491,Colin Baker,2856029,2179459,Doctor Who: Thicker Than Water,16092,Big Finish Productions
1818584,Ann Bryson,2856029,2179459,Doctor Who: Thicker Than Water,16092,Big Finish Productions
1818584,Ann Bryson,2856029,2179459,Doctor Who: Thicker Than Water,16092,Big Finish Productions
1831625,Simon Watts,2856029,2179459,Doctor Who: Thicker Than Water,16092,Big Finish Productions
1831625,Simon Watts,2856029,2179459,Doctor Who: Thicker Than Water,16092,Big Finish Productions
1830942,Mat Dineen,2856029,2179459,Doctor Who: Thicker Than Water,16092,Big Finish Productions
1830942,Mat Dineen,2856029,2179459,Doctor Who: Thicker Than Water,16092,Big Finish Productions
402577,James Parsons & Andrew Stirling-Brown,2856029,2179459,Doctor Who: Thicker Than Water,16092,Big Finish Productions
402577,James Parsons & Andrew Stirling-Brown,2856029,2179459,Doctor Who: Thicker Than Water,16092,Big Finish Productions
619321,Maggie Stables,2856029,2179459,Doctor Who: Thicker Than Water,16092,Big Finish Productions
619321,Maggie Stables,2856029,2179459,Doctor Who: Thicker Than Water,16092,Big Finish Productions
1220643,Gabriel Woolf,2856029,2179459,Doctor Who: Thicker Than Water,16092,Big Finish Productions
1220643,Gabriel Woolf,2856029,2179459,Doctor Who: Thicker Than Water,16092,Big Finish Productions
1832483,Patrick Romer,2856029,2179459,Doctor Who: Thicker Than Water,16092,Big Finish Productions
1832483,Patrick Romer,2856029,2179459,Doctor Who: Thicker Than Water,16092,Big Finish Productions
1831354,Rachel Pickup,2856029,2179459,Doctor Who: Thicker Than Water,16092,Big Finish Productions
1831354,Rachel Pickup,2856029,2179459,Doctor Who: Thicker Than Water,16092,Big Finish Productions
1831685,Stewart Sheargold,2856030,2179610,Doctor Who: Red,16092,Big Finish Productions
1831685,Stewart Sheargold,2856030,2179610,Doctor Who: Red,16092,Big Finish Productions
605826,Sylvester McCoy,2856030,2179610,Doctor Who: Red,16092,Big Finish Productions
605826,Sylvester McCoy,2856030,2179610,Doctor Who: Red,16092,Big Finish Productions
1832183,Sean Oliver,2856030,2179610,Doctor Who: Red,16092,Big Finish Productions
1832183,Sean Oliver,2856030,2179610,Doctor Who: Red,16092,Big Finish Productions
1832062,John Stahl,2856030,2179610,Doctor Who: Red,16092,Big Finish Productions
1832062,John Stahl,2856030,2179610,Doctor Who: Red,16092,Big Finish Productions
824413,Sandi Toksvig,2856030,2179610,Doctor Who: Red,16092,Big Finish Productions
824413,Sandi Toksvig,2856030,2179610,Doctor Who: Red,16092,Big Finish Productions
1830732,Kellie Ryan,2856030,2179610,Doctor Who: Red,16092,Big Finish Productions
1830732,Kellie Ryan,2856030,2179610,Doctor Who: Red,16092,Big Finish Productions
1830106,Denise Hoey,2856030,2179610,Doctor Who: Red,16092,Big Finish Productions
1830106,Denise Hoey,2856030,2179610,Doctor Who: Red,16092,Big Finish Productions
1831679,Steven Wickham,2856030,2179610,Doctor Who: Red,16092,Big Finish Productions
1831679,Steven Wickham,2856030,2179610,Doctor Who: Red,16092,Big Finish Productions
1832407,Ann Jenkins,2856030,2179610,Doctor Who: Red,16092,Big Finish Productions
1832407,Ann Jenkins,2856030,2179610,Doctor Who: Red,16092,Big Finish Productions
1831937,Peter Rae,2856030,2179610,Doctor Who: Red,16092,Big Finish Productions
1831937,Peter Rae,2856030,2179610,Doctor Who: Red,16092,Big Finish Productions
1298023,Paul Magrs,2856031,2178293,Doctor Who: The Wishing Beast,16092,Big Finish Productions
1298023,Paul Magrs,2856031,2178293,Doctor Who: The Wishing Beast,16092,Big Finish Productions
486491,Colin Baker,2856031,2178293,Doctor Who: The Wishing Beast,16092,Big Finish Productions
486491,Colin Baker,2856031,2178293,Doctor Who: The Wishing Beast,16092,Big Finish Productions
1831991,Christine Moore,2856031,2178293,Doctor Who: The Wishing Beast,16092,Big Finish Productions
1831991,Christine Moore,2856031,2178293,Doctor Who: The Wishing Beast,16092,Big Finish Productions
1830119,Diana Flack,2856031,2178293,Doctor Who: The Wishing Beast,16092,Big Finish Productions
1830119,Diana Flack,2856031,2178293,Doctor Who: The Wishing Beast,16092,Big Finish Productions
1832181,Sean Connolly,2856031,2178293,Doctor Who: The Wishing Beast,16092,Big Finish Productions
1832181,Sean Connolly,2856031,2178293,Doctor Who: The Wishing Beast,16092,Big Finish Productions
1514957,Jean Marsh,2856031,2178293,Doctor Who: The Wishing Beast,16092,Big Finish Productions
1514957,Jean Marsh,2856031,2178293,Doctor Who: The Wishing Beast,16092,Big Finish Productions
1830304,Geraldine Newman,2856031,2178293,Doctor Who: The Wishing Beast,16092,Big Finish Productions
1830304,Geraldine Newman,2856031,2178293,Doctor Who: The Wishing Beast,16092,Big Finish Productions
1147338,Toby Longworth,2856031,2178293,Doctor Who: The Wishing Beast,16092,Big Finish Productions
1147338,Toby Longworth,2856031,2178293,Doctor Who: The Wishing Beast,16092,Big Finish Productions
1831787,Toby Sawyer,2856031,2178293,Doctor Who: The Wishing Beast,16092,Big Finish Productions
1831787,Toby Sawyer,2856031,2178293,Doctor Who: The Wishing Beast,16092,Big Finish Productions
1831353,Rachel Laurence,2856031,2178293,Doctor Who: The Wishing Beast,16092,Big Finish Productions
1831353,Rachel Laurence,2856031,2178293,Doctor Who: The Wishing Beast,16092,Big Finish Productions
909939,Gary Russell,2856032,2178238,Doctor Who - Unbound: He Jests at Scars...,16092,Big Finish Productions
909939,Gary Russell,2856032,2178238,Doctor Who - Unbound: He Jests at Scars...,16092,Big Finish Productions
909939,Gary Russell,2856032,2178238,Doctor Who - Unbound: He Jests at Scars...,16092,Big Finish Productions
909939,Gary Russell,2856032,2178238,Doctor Who - Unbound: He Jests at Scars...,16092,Big Finish Productions
1830994,Michael Jayston,2856032,2178238,Doctor Who - Unbound: He Jests at Scars...,16092,Big Finish Productions
1830994,Michael Jayston,2856032,2178238,Doctor Who - Unbound: He Jests at Scars...,16092,Big Finish Productions
1830994,Michael Jayston,2856032,2178238,Doctor Who - Unbound: He Jests at Scars...,16092,Big Finish Productions
1830994,Michael Jayston,2856032,2178238,Doctor Who - Unbound: He Jests at Scars...,16092,Big Finish Productions
1830482,Jane MacFarlane,2856032,2178238,Doctor Who - Unbound: He Jests at Scars...,16092,Big Finish Productions
1830482,Jane MacFarlane,2856032,2178238,Doctor Who - Unbound: He Jests at Scars...,16092,Big Finish Productions
1830482,Jane MacFarlane,2856032,2178238,Doctor Who - Unbound: He Jests at Scars...,16092,Big Finish Productions
1830482,Jane MacFarlane,2856032,2178238,Doctor Who - Unbound: He Jests at Scars...,16092,Big Finish Productions
1830907,Mark Donovan,2856032,2178238,Doctor Who - Unbound: He Jests at Scars...,16092,Big Finish Productions
1830907,Mark Donovan,2856032,2178238,Doctor Who - Unbound: He Jests at Scars...,16092,Big Finish Productions
1830907,Mark Donovan,2856032,2178238,Doctor Who - Unbound: He Jests at Scars...,16092,Big Finish Productions
1830907,Mark Donovan,2856032,2178238,Doctor Who - Unbound: He Jests at Scars...,16092,Big Finish Productions
1829731,Anthony Keetch,2856032,2178238,Doctor Who - Unbound: He Jests at Scars...,16092,Big Finish Productions
1829731,Anthony Keetch,2856032,2178238,Doctor Who - Unbound: He Jests at Scars...,16092,Big Finish Productions
1829731,Anthony Keetch,2856032,2178238,Doctor Who - Unbound: He Jests at Scars...,16092,Big Finish Productions
1829731,Anthony Keetch,2856032,2178238,Doctor Who - Unbound: He Jests at Scars...,16092,Big Finish Productions
1831776,Tim Preece,2856032,2178238,Doctor Who - Unbound: He Jests at Scars...,16092,Big Finish Productions
1831776,Tim Preece,2856032,2178238,Doctor Who - Unbound: He Jests at Scars...,16092,Big Finish Productions
1831776,Tim Preece,2856032,2178238,Doctor Who - Unbound: He Jests at Scars...,16092,Big Finish Productions
1831776,Tim Preece,2856032,2178238,Doctor Who - Unbound: He Jests at Scars...,16092,Big Finish Productions
1830683,Juliet Warner,2856032,2178238,Doctor Who - Unbound: He Jests at Scars...,16092,Big Finish Productions
1830683,Juliet Warner,2856032,2178238,Doctor Who - Unbound: He Jests at Scars...,16092,Big Finish Productions
1830683,Juliet Warner,2856032,2178238,Doctor Who - Unbound: He Jests at Scars...,16092,Big Finish Productions
1830683,Juliet Warner,2856032,2178238,Doctor Who - Unbound: He Jests at Scars...,16092,Big Finish Productions
1832023,Gareth Roberts,2856034,2178064,Doctor Who: The One Doctor,16092,Big Finish Productions
1832023,Gareth Roberts,2856034,2178064,Doctor Who: The One Doctor,16092,Big Finish Productions
1829962,Clayton Hickman,2856034,2178064,Doctor Who: The One Doctor,16092,Big Finish Productions
1829962,Clayton Hickman,2856034,2178064,Doctor Who: The One Doctor,16092,Big Finish Productions
486491,Colin Baker,2856034,2178064,Doctor Who: The One Doctor,16092,Big Finish Productions
486491,Colin Baker,2856034,2178064,Doctor Who: The One Doctor,16092,Big Finish Productions
1832190,Stephen Fewell,2856034,2178064,Doctor Who: The One Doctor,16092,Big Finish Productions
1832190,Stephen Fewell,2856034,2178064,Doctor Who: The One Doctor,16092,Big Finish Productions
1831077,Nicholas Pegg,2856034,2178064,Doctor Who: The One Doctor,16092,Big Finish Productions
1831077,Nicholas Pegg,2856034,2178064,Doctor Who: The One Doctor,16092,Big Finish Productions
1298881,Mark Wright,2856034,2178064,Doctor Who: The One Doctor,16092,Big Finish Productions
1298881,Mark Wright,2856034,2178064,Doctor Who: The One Doctor,16092,Big Finish Productions
1452489,Adam Buxton,2856034,2178064,Doctor Who: The One Doctor,16092,Big Finish Productions
1452489,Adam Buxton,2856034,2178064,Doctor Who: The One Doctor,16092,Big Finish Productions
1830480,Jane Goddard,2856034,2178064,Doctor Who: The One Doctor,16092,Big Finish Productions
1830480,Jane Goddard,2856034,2178064,Doctor Who: The One Doctor,16092,Big Finish Productions
740686,Matt Lucas,2856034,2178064,Doctor Who: The One Doctor,16092,Big Finish Productions
740686,Matt Lucas,2856034,2178064,Doctor Who: The One Doctor,16092,Big Finish Productions
1510186,Clare Buckfield,2856034,2178064,Doctor Who: The One Doctor,16092,Big Finish Productions
1510186,Clare Buckfield,2856034,2178064,Doctor Who: The One Doctor,16092,Big Finish Productions
629801,Christopher Biggins,2856034,2178064,Doctor Who: The One Doctor,16092,Big Finish Productions
629801,Christopher Biggins,2856034,2178064,Doctor Who: The One Doctor,16092,Big Finish Productions
1298900,Matt Fitton,2856035,2177949,Doctor Who: The Wrong Doctors,16092,Big Finish Productions
1298900,Matt Fitton,2856035,2177949,Doctor Who: The Wrong Doctors,16092,Big Finish Productions
486491,Colin Baker,2856035,2177949,Doctor Who: The Wrong Doctors,16092,Big Finish Productions
486491,Colin Baker,2856035,2177949,Doctor Who: The Wrong Doctors,16092,Big Finish Productions
1828602,James Joyce,2856035,2177949,Doctor Who: The Wrong Doctors,16092,Big Finish Productions
1828602,James Joyce,2856035,2177949,Doctor Who: The Wrong Doctors,16092,Big Finish Productions
1831972,Beth Chalmers,2856035,2177949,Doctor Who: The Wrong Doctors,16092,Big Finish Productions
1831972,Beth Chalmers,2856035,2177949,Doctor Who: The Wrong Doctors,16092,Big Finish Productions
1828249,John Banks,2856035,2177949,Doctor Who: The Wrong Doctors,16092,Big Finish Productions
1828249,John Banks,2856035,2177949,Doctor Who: The Wrong Doctors,16092,Big Finish Productions
1832206,Tony Gardner,2856035,2177949,Doctor Who: The Wrong Doctors,16092,Big Finish Productions
1832206,Tony Gardner,2856035,2177949,Doctor Who: The Wrong Doctors,16092,Big Finish Productions
1745059,Patricia Leventon,2856035,2177949,Doctor Who: The Wrong Doctors,16092,Big Finish Productions
1745059,Patricia Leventon,2856035,2177949,Doctor Who: The Wrong Doctors,16092,Big Finish Productions
1831958,William Gallagher,2856036,2178250,Doctor Who: Spaceport Fear,16092,Big Finish Productions
1831958,William Gallagher,2856036,2178250,Doctor Who: Spaceport Fear,16092,Big Finish Productions
486491,Colin Baker,2856036,2178250,Doctor Who: Spaceport Fear,16092,Big Finish Productions
486491,Colin Baker,2856036,2178250,Doctor Who: Spaceport Fear,16092,Big Finish Productions
1832400,Adrian Banks,2856036,2178250,Doctor Who: Spaceport Fear,16092,Big Finish Productions
1832400,Adrian Banks,2856036,2178250,Doctor Who: Spaceport Fear,16092,Big Finish Productions
1828249,John Banks,2856036,2178250,Doctor Who: Spaceport Fear,16092,Big Finish Productions
1828249,John Banks,2856036,2178250,Doctor Who: Spaceport Fear,16092,Big Finish Productions
1830426,Isabel Joyce,2856036,2178250,Doctor Who: Spaceport Fear,16092,Big Finish Productions
1830426,Isabel Joyce,2856036,2178250,Doctor Who: Spaceport Fear,16092,Big Finish Productions
1830348,Gwilym Leventon,2856036,2178250,Doctor Who: Spaceport Fear,16092,Big Finish Productions
1830348,Gwilym Leventon,2856036,2178250,Doctor Who: Spaceport Fear,16092,Big Finish Productions
1831972,Beth Chalmers,2856036,2178250,Doctor Who: Spaceport Fear,16092,Big Finish Productions
1831972,Beth Chalmers,2856036,2178250,Doctor Who: Spaceport Fear,16092,Big Finish Productions
1832498,Ronald Gardner,2856036,2178250,Doctor Who: Spaceport Fear,16092,Big Finish Productions
1832498,Ronald Gardner,2856036,2178250,Doctor Who: Spaceport Fear,16092,Big Finish Productions
1829764,Barnaby Edwards,2856036,2178250,Doctor Who: Spaceport Fear,16092,Big Finish Productions
1829764,Barnaby Edwards,2856036,2178250,Doctor Who: Spaceport Fear,16092,Big Finish Productions
396916,Nicholas Briggs,2856037,2179576,Doctor Who: The Seeds of War,16092,Big Finish Productions
396916,Nicholas Briggs,2856037,2179576,Doctor Who: The Seeds of War,16092,Big Finish Productions
1298900,Matt Fitton,2856037,2179576,Doctor Who: The Seeds of War,16092,Big Finish Productions
1298900,Matt Fitton,2856037,2179576,Doctor Who: The Seeds of War,16092,Big Finish Productions
486491,Colin Baker,2856037,2179576,Doctor Who: The Seeds of War,16092,Big Finish Productions
486491,Colin Baker,2856037,2179576,Doctor Who: The Seeds of War,16092,Big Finish Productions
1830088,David Sibley,2856037,2179576,Doctor Who: The Seeds of War,16092,Big Finish Productions
1830088,David Sibley,2856037,2179576,Doctor Who: The Seeds of War,16092,Big Finish Productions
1831972,Beth Chalmers,2856037,2179576,Doctor Who: The Seeds of War,16092,Big Finish Productions
1831972,Beth Chalmers,2856037,2179576,Doctor Who: The Seeds of War,16092,Big Finish Productions
1832514,Stuart Organ,2856037,2179576,Doctor Who: The Seeds of War,16092,Big Finish Productions
1832514,Stuart Organ,2856037,2179576,Doctor Who: The Seeds of War,16092,Big Finish Productions
1832091,Lucy Russell,2856037,2179576,Doctor Who: The Seeds of War,16092,Big Finish Productions
1832091,Lucy Russell,2856037,2179576,Doctor Who: The Seeds of War,16092,Big Finish Productions
1831130,Ony Uhiara,2856037,2179576,Doctor Who: The Seeds of War,16092,Big Finish Productions
1831130,Ony Uhiara,2856037,2179576,Doctor Who: The Seeds of War,16092,Big Finish Productions
1829764,Barnaby Edwards,2856037,2179576,Doctor Who: The Seeds of War,16092,Big Finish Productions
1829764,Barnaby Edwards,2856037,2179576,Doctor Who: The Seeds of War,16092,Big Finish Productions
1831368,Ray Fearon,2856037,2179576,Doctor Who: The Seeds of War,16092,Big Finish Productions
1831368,Ray Fearon,2856037,2179576,Doctor Who: The Seeds of War,16092,Big Finish Productions
1828249,John Banks,2856037,2179576,Doctor Who: The Seeds of War,16092,Big Finish Productions
1828249,John Banks,2856037,2179576,Doctor Who: The Seeds of War,16092,Big Finish Productions
1832457,John Dorney,2856039,2178127,Doctor Who: Terror of the Sontarans,16092,Big Finish Productions
1832457,John Dorney,2856039,2178127,Doctor Who: Terror of the Sontarans,16092,Big Finish Productions
1832457,John Dorney,2856039,2178127,Doctor Who: Terror of the Sontarans,16092,Big Finish Productions
1832457,John Dorney,2856039,2178127,Doctor Who: Terror of the Sontarans,16092,Big Finish Productions
1271867,Dan Starkey,2856039,2178127,Doctor Who: Terror of the Sontarans,16092,Big Finish Productions
1271867,Dan Starkey,2856039,2178127,Doctor Who: Terror of the Sontarans,16092,Big Finish Productions
1271867,Dan Starkey,2856039,2178127,Doctor Who: Terror of the Sontarans,16092,Big Finish Productions
1271867,Dan Starkey,2856039,2178127,Doctor Who: Terror of the Sontarans,16092,Big Finish Productions
605826,Sylvester McCoy,2856039,2178127,Doctor Who: Terror of the Sontarans,16092,Big Finish Productions
605826,Sylvester McCoy,2856039,2178127,Doctor Who: Terror of the Sontarans,16092,Big Finish Productions
605826,Sylvester McCoy,2856039,2178127,Doctor Who: Terror of the Sontarans,16092,Big Finish Productions
605826,Sylvester McCoy,2856039,2178127,Doctor Who: Terror of the Sontarans,16092,Big Finish Productions
1830026,Daniel O'Meara,2856039,2178127,Doctor Who: Terror of the Sontarans,16092,Big Finish Productions
1830026,Daniel O'Meara,2856039,2178127,Doctor Who: Terror of the Sontarans,16092,Big Finish Productions
1830026,Daniel O'Meara,2856039,2178127,Doctor Who: Terror of the Sontarans,16092,Big Finish Productions
1830026,Daniel O'Meara,2856039,2178127,Doctor Who: Terror of the Sontarans,16092,Big Finish Productions
1828249,John Banks,2856039,2178127,Doctor Who: Terror of the Sontarans,16092,Big Finish Productions
1828249,John Banks,2856039,2178127,Doctor Who: Terror of the Sontarans,16092,Big Finish Productions
1828249,John Banks,2856039,2178127,Doctor Who: Terror of the Sontarans,16092,Big Finish Productions
1828249,John Banks,2856039,2178127,Doctor Who: Terror of the Sontarans,16092,Big Finish Productions
1829652,Andrée Bernard,2856039,2178127,Doctor Who: Terror of the Sontarans,16092,Big Finish Productions
1829652,Andrée Bernard,2856039,2178127,Doctor Who: Terror of the Sontarans,16092,Big Finish Productions
1829652,Andrée Bernard,2856039,2178127,Doctor Who: Terror of the Sontarans,16092,Big Finish Productions
1829652,Andrée Bernard,2856039,2178127,Doctor Who: Terror of the Sontarans,16092,Big Finish Productions
1830634,Jon Edgley Bond,2856039,2178127,Doctor Who: Terror of the Sontarans,16092,Big Finish Productions
1830634,Jon Edgley Bond,2856039,2178127,Doctor Who: Terror of the Sontarans,16092,Big Finish Productions
1830634,Jon Edgley Bond,2856039,2178127,Doctor Who: Terror of the Sontarans,16092,Big Finish Productions
1830634,Jon Edgley Bond,2856039,2178127,Doctor Who: Terror of the Sontarans,16092,Big Finish Productions
1832023,Gareth Roberts,2856066,2177998,Doctor Who: Bang-Bang-a-Boom!,16092,Big Finish Productions
1832023,Gareth Roberts,2856066,2177998,Doctor Who: Bang-Bang-a-Boom!,16092,Big Finish Productions
1829962,Clayton Hickman,2856066,2177998,Doctor Who: Bang-Bang-a-Boom!,16092,Big Finish Productions
1829962,Clayton Hickman,2856066,2177998,Doctor Who: Bang-Bang-a-Boom!,16092,Big Finish Productions
605826,Sylvester McCoy,2856066,2177998,Doctor Who: Bang-Bang-a-Boom!,16092,Big Finish Productions
605826,Sylvester McCoy,2856066,2177998,Doctor Who: Bang-Bang-a-Boom!,16092,Big Finish Productions
1236709,Nickolas Grace,2856066,2177998,Doctor Who: Bang-Bang-a-Boom!,16092,Big Finish Productions
1236709,Nickolas Grace,2856066,2177998,Doctor Who: Bang-Bang-a-Boom!,16092,Big Finish Productions
248349,Graeme Garden,2856066,2177998,Doctor Who: Bang-Bang-a-Boom!,16092,Big Finish Productions
248349,Graeme Garden,2856066,2177998,Doctor Who: Bang-Bang-a-Boom!,16092,Big Finish Productions
1831512,Sabina Franklyn,2856066,2177998,Doctor Who: Bang-Bang-a-Boom!,16092,Big Finish Productions
1831512,Sabina Franklyn,2856066,2177998,Doctor Who: Bang-Bang-a-Boom!,16092,Big Finish Productions
1824310,Anthony Spargo,2856066,2177998,Doctor Who: Bang-Bang-a-Boom!,16092,Big Finish Productions
1824310,Anthony Spargo,2856066,2177998,Doctor Who: Bang-Bang-a-Boom!,16092,Big Finish Productions
1831839,Vidar Magnussen,2856066,2177998,Doctor Who: Bang-Bang-a-Boom!,16092,Big Finish Productions
1831839,Vidar Magnussen,2856066,2177998,Doctor Who: Bang-Bang-a-Boom!,16092,Big Finish Productions
375716,Patricia Quinn,2856066,2177998,Doctor Who: Bang-Bang-a-Boom!,16092,Big Finish Productions
375716,Patricia Quinn,2856066,2177998,Doctor Who: Bang-Bang-a-Boom!,16092,Big Finish Productions
1829764,Barnaby Edwards,2856066,2177998,Doctor Who: Bang-Bang-a-Boom!,16092,Big Finish Productions
1829764,Barnaby Edwards,2856066,2177998,Doctor Who: Bang-Bang-a-Boom!,16092,Big Finish Productions
1830091,David Tughan,2856066,2177998,Doctor Who: Bang-Bang-a-Boom!,16092,Big Finish Productions
1830091,David Tughan,2856066,2177998,Doctor Who: Bang-Bang-a-Boom!,16092,Big Finish Productions
1830480,Jane Goddard,2856066,2177998,Doctor Who: Bang-Bang-a-Boom!,16092,Big Finish Productions
1830480,Jane Goddard,2856066,2177998,Doctor Who: Bang-Bang-a-Boom!,16092,Big Finish Productions
1831930,Mike Tucker,2857685,2179646,Doctor Who: The Warehouse,16092,Big Finish Productions
1831930,Mike Tucker,2857685,2179646,Doctor Who: The Warehouse,16092,Big Finish Productions
1831930,Mike Tucker,2857685,2179646,Doctor Who: The Warehouse,16092,Big Finish Productions
605826,Sylvester McCoy,2857685,2179646,Doctor Who: The Warehouse,16092,Big Finish Productions
605826,Sylvester McCoy,2857685,2179646,Doctor Who: The Warehouse,16092,Big Finish Productions
605826,Sylvester McCoy,2857685,2179646,Doctor Who: The Warehouse,16092,Big Finish Productions
1829702,Anna Bentinck,2857685,2179646,Doctor Who: The Warehouse,16092,Big Finish Productions
1829702,Anna Bentinck,2857685,2179646,Doctor Who: The Warehouse,16092,Big Finish Productions
1829702,Anna Bentinck,2857685,2179646,Doctor Who: The Warehouse,16092,Big Finish Productions
889810,Dillie Keane,2857685,2179646,Doctor Who: The Warehouse,16092,Big Finish Productions
889810,Dillie Keane,2857685,2179646,Doctor Who: The Warehouse,16092,Big Finish Productions
889810,Dillie Keane,2857685,2179646,Doctor Who: The Warehouse,16092,Big Finish Productions
1292302,Philip Franks,2857685,2179646,Doctor Who: The Warehouse,16092,Big Finish Productions
1292302,Philip Franks,2857685,2179646,Doctor Who: The Warehouse,16092,Big Finish Productions
1292302,Philip Franks,2857685,2179646,Doctor Who: The Warehouse,16092,Big Finish Productions
1829769,Barry McCarthy,2857685,2179646,Doctor Who: The Warehouse,16092,Big Finish Productions
1829769,Barry McCarthy,2857685,2179646,Doctor Who: The Warehouse,16092,Big Finish Productions
1829769,Barry McCarthy,2857685,2179646,Doctor Who: The Warehouse,16092,Big Finish Productions
1510186,Clare Buckfield,2857685,2179646,Doctor Who: The Warehouse,16092,Big Finish Productions
1510186,Clare Buckfield,2857685,2179646,Doctor Who: The Warehouse,16092,Big Finish Productions
1510186,Clare Buckfield,2857685,2179646,Doctor Who: The Warehouse,16092,Big Finish Productions
1829764,Barnaby Edwards,2857685,2179646,Doctor Who: The Warehouse,16092,Big Finish Productions
1829764,Barnaby Edwards,2857685,2179646,Doctor Who: The Warehouse,16092,Big Finish Productions
1829764,Barnaby Edwards,2857685,2179646,Doctor Who: The Warehouse,16092,Big Finish Productions
1298831,Steve Lyons,2865368,2178197,Doctor Who: The Fires of Vulcan,16092,Big Finish Productions
1298831,Steve Lyons,2865368,2178197,Doctor Who: The Fires of Vulcan,16092,Big Finish Productions
605826,Sylvester McCoy,2865368,2178197,Doctor Who: The Fires of Vulcan,16092,Big Finish Productions
605826,Sylvester McCoy,2865368,2178197,Doctor Who: The Fires of Vulcan,16092,Big Finish Productions
