id,name,credit,songid,song,labelid,label
1418531,涼風青葉,1727418,1709518,NEW GAME! CHARACTER SONG CD Lv.1 「春色Runway」,3926,MEDIA FACTORY
1418531,涼風青葉,1727418,1709518,NEW GAME! CHARACTER SONG CD Lv.1 「春色Runway」,3926,MEDIA FACTORY
624882,日笠陽子,2062218,1850933,TVアニメ「 NEW GAME!! 」キャラクターソングCDシリーズ VOCAL STAGE 1,3926,MEDIA FACTORY
1630234,赤松結衣,2171721,1935245,TVアニメ「三ツ星カラーズ」キャラクターソングシリーズ 01 結衣,923,Frontier Works
1743718,小糸侑,2317618,2067487,hectopascal,111489,KADOKAWA
1743718,小糸侑,2317618,2067487,hectopascal,111489,KADOKAWA
1743716,七海燈子,2317618,2067487,hectopascal,111489,KADOKAWA
1743716,七海燈子,2317618,2067487,hectopascal,111489,KADOKAWA
626369,寿美菜子,2317618,2067487,hectopascal,111489,KADOKAWA
626369,寿美菜子,2317618,2067487,hectopascal,111489,KADOKAWA
1431225,依田芳乃,2320724,2070296,Sunshine See May (M@STER VERSION),9227,Columbia
1431225,依田芳乃,2320724,2240945,風になりたい,9227,Columbia
1584070,藤原肇,2320724,2070296,Sunshine See May (M@STER VERSION),9227,Columbia
1584070,藤原肇,2320724,2240945,風になりたい,9227,Columbia
1364355,鈴木みのり,2320724,2070296,Sunshine See May (M@STER VERSION),9227,Columbia
1364355,鈴木みのり,2320724,2240945,風になりたい,9227,Columbia
1378986,市原仁奈,2718847,2076126,THE IDOLM@STER CINDERELLA GIRLS LITTLE STARS! Snow*Love,9227,Columbia
1378986,市原仁奈,2718847,2076126,THE IDOLM@STER CINDERELLA GIRLS LITTLE STARS! Snow*Love,9227,Columbia
1378986,市原仁奈,2718847,2076126,THE IDOLM@STER CINDERELLA GIRLS LITTLE STARS! Snow*Love,9227,Columbia
1378986,市原仁奈,2718847,2076126,THE IDOLM@STER CINDERELLA GIRLS LITTLE STARS! Snow*Love,-1,
1083336,久野美咲,2718847,2076126,THE IDOLM@STER CINDERELLA GIRLS LITTLE STARS! Snow*Love,9227,Columbia
1083336,久野美咲,2718847,2076126,THE IDOLM@STER CINDERELLA GIRLS LITTLE STARS! Snow*Love,9227,Columbia
1083336,久野美咲,2718847,2076126,THE IDOLM@STER CINDERELLA GIRLS LITTLE STARS! Snow*Love,9227,Columbia
1083336,久野美咲,2718847,2076126,THE IDOLM@STER CINDERELLA GIRLS LITTLE STARS! Snow*Love,-1,
1489295,及川雫,2718847,2076126,THE IDOLM@STER CINDERELLA GIRLS LITTLE STARS! Snow*Love,9227,Columbia
1489295,及川雫,2718847,2076126,THE IDOLM@STER CINDERELLA GIRLS LITTLE STARS! Snow*Love,9227,Columbia
1489295,及川雫,2718847,2076126,THE IDOLM@STER CINDERELLA GIRLS LITTLE STARS! Snow*Love,9227,Columbia
1489295,及川雫,2718847,2076126,THE IDOLM@STER CINDERELLA GIRLS LITTLE STARS! Snow*Love,-1,
1489296,のぐちゆり,2718847,2076126,THE IDOLM@STER CINDERELLA GIRLS LITTLE STARS! Snow*Love,9227,Columbia
1489296,のぐちゆり,2718847,2076126,THE IDOLM@STER CINDERELLA GIRLS LITTLE STARS! Snow*Love,9227,Columbia
1489296,のぐちゆり,2718847,2076126,THE IDOLM@STER CINDERELLA GIRLS LITTLE STARS! Snow*Love,9227,Columbia
1489296,のぐちゆり,2718847,2076126,THE IDOLM@STER CINDERELLA GIRLS LITTLE STARS! Snow*Love,-1,
1339120,大槻唯,2718847,2076126,THE IDOLM@STER CINDERELLA GIRLS LITTLE STARS! Snow*Love,9227,Columbia
1339120,大槻唯,2718847,2076126,THE IDOLM@STER CINDERELLA GIRLS LITTLE STARS! Snow*Love,9227,Columbia
1339120,大槻唯,2718847,2076126,THE IDOLM@STER CINDERELLA GIRLS LITTLE STARS! Snow*Love,9227,Columbia
1339120,大槻唯,2718847,2076126,THE IDOLM@STER CINDERELLA GIRLS LITTLE STARS! Snow*Love,-1,
1160673,山下七海,2718847,2076126,THE IDOLM@STER CINDERELLA GIRLS LITTLE STARS! Snow*Love,9227,Columbia
1160673,山下七海,2718847,2076126,THE IDOLM@STER CINDERELLA GIRLS LITTLE STARS! Snow*Love,9227,Columbia
1160673,山下七海,2718847,2076126,THE IDOLM@STER CINDERELLA GIRLS LITTLE STARS! Snow*Love,9227,Columbia
1160673,山下七海,2718847,2076126,THE IDOLM@STER CINDERELLA GIRLS LITTLE STARS! Snow*Love,-1,
1118999,高森藍子,2718847,2076126,THE IDOLM@STER CINDERELLA GIRLS LITTLE STARS! Snow*Love,9227,Columbia
1118999,高森藍子,2718847,2076126,THE IDOLM@STER CINDERELLA GIRLS LITTLE STARS! Snow*Love,9227,Columbia
1118999,高森藍子,2718847,2076126,THE IDOLM@STER CINDERELLA GIRLS LITTLE STARS! Snow*Love,9227,Columbia
1118999,高森藍子,2718847,2076126,THE IDOLM@STER CINDERELLA GIRLS LITTLE STARS! Snow*Love,-1,
981031,金子有希,2718847,2076126,THE IDOLM@STER CINDERELLA GIRLS LITTLE STARS! Snow*Love,9227,Columbia
981031,金子有希,2718847,2076126,THE IDOLM@STER CINDERELLA GIRLS LITTLE STARS! Snow*Love,9227,Columbia
981031,金子有希,2718847,2076126,THE IDOLM@STER CINDERELLA GIRLS LITTLE STARS! Snow*Love,9227,Columbia
981031,金子有希,2718847,2076126,THE IDOLM@STER CINDERELLA GIRLS LITTLE STARS! Snow*Love,-1,
1431225,依田芳乃,2718847,2076126,THE IDOLM@STER CINDERELLA GIRLS LITTLE STARS! Snow*Love,9227,Columbia
1431225,依田芳乃,2718847,2076126,THE IDOLM@STER CINDERELLA GIRLS LITTLE STARS! Snow*Love,9227,Columbia
1431225,依田芳乃,2718847,2076126,THE IDOLM@STER CINDERELLA GIRLS LITTLE STARS! Snow*Love,9227,Columbia
1431225,依田芳乃,2718847,2076126,THE IDOLM@STER CINDERELLA GIRLS LITTLE STARS! Snow*Love,-1,
1102133,本田未央,2718847,2076126,THE IDOLM@STER CINDERELLA GIRLS LITTLE STARS! Snow*Love,9227,Columbia
1102133,本田未央,2718847,2076126,THE IDOLM@STER CINDERELLA GIRLS LITTLE STARS! Snow*Love,9227,Columbia
1102133,本田未央,2718847,2076126,THE IDOLM@STER CINDERELLA GIRLS LITTLE STARS! Snow*Love,9227,Columbia
1102133,本田未央,2718847,2076126,THE IDOLM@STER CINDERELLA GIRLS LITTLE STARS! Snow*Love,-1,
1064750,原紗友里,2718847,2076126,THE IDOLM@STER CINDERELLA GIRLS LITTLE STARS! Snow*Love,9227,Columbia
1064750,原紗友里,2718847,2076126,THE IDOLM@STER CINDERELLA GIRLS LITTLE STARS! Snow*Love,9227,Columbia
1064750,原紗友里,2718847,2076126,THE IDOLM@STER CINDERELLA GIRLS LITTLE STARS! Snow*Love,9227,Columbia
1064750,原紗友里,2718847,2076126,THE IDOLM@STER CINDERELLA GIRLS LITTLE STARS! Snow*Love,-1,
1102134,諸星きらり,2718847,2076126,THE IDOLM@STER CINDERELLA GIRLS LITTLE STARS! Snow*Love,9227,Columbia
1102134,諸星きらり,2718847,2076126,THE IDOLM@STER CINDERELLA GIRLS LITTLE STARS! Snow*Love,9227,Columbia
1102134,諸星きらり,2718847,2076126,THE IDOLM@STER CINDERELLA GIRLS LITTLE STARS! Snow*Love,9227,Columbia
1102134,諸星きらり,2718847,2076126,THE IDOLM@STER CINDERELLA GIRLS LITTLE STARS! Snow*Love,-1,
1102135,松嵜麗,2718847,2076126,THE IDOLM@STER CINDERELLA GIRLS LITTLE STARS! Snow*Love,9227,Columbia
1102135,松嵜麗,2718847,2076126,THE IDOLM@STER CINDERELLA GIRLS LITTLE STARS! Snow*Love,9227,Columbia
1102135,松嵜麗,2718847,2076126,THE IDOLM@STER CINDERELLA GIRLS LITTLE STARS! Snow*Love,9227,Columbia
1102135,松嵜麗,2718847,2076126,THE IDOLM@STER CINDERELLA GIRLS LITTLE STARS! Snow*Love,-1,
1102138,城ヶ崎美嘉,2718847,2076126,THE IDOLM@STER CINDERELLA GIRLS LITTLE STARS! Snow*Love,9227,Columbia
1102138,城ヶ崎美嘉,2718847,2076126,THE IDOLM@STER CINDERELLA GIRLS LITTLE STARS! Snow*Love,9227,Columbia
1102138,城ヶ崎美嘉,2718847,2076126,THE IDOLM@STER CINDERELLA GIRLS LITTLE STARS! Snow*Love,9227,Columbia
1102138,城ヶ崎美嘉,2718847,2076126,THE IDOLM@STER CINDERELLA GIRLS LITTLE STARS! Snow*Love,-1,
1102139,佳村はるか,2718847,2076126,THE IDOLM@STER CINDERELLA GIRLS LITTLE STARS! Snow*Love,9227,Columbia
1102139,佳村はるか,2718847,2076126,THE IDOLM@STER CINDERELLA GIRLS LITTLE STARS! Snow*Love,9227,Columbia
1102139,佳村はるか,2718847,2076126,THE IDOLM@STER CINDERELLA GIRLS LITTLE STARS! Snow*Love,9227,Columbia
1102139,佳村はるか,2718847,2076126,THE IDOLM@STER CINDERELLA GIRLS LITTLE STARS! Snow*Love,-1,
1102137,城ヶ崎莉嘉,2718847,2076126,THE IDOLM@STER CINDERELLA GIRLS LITTLE STARS! Snow*Love,9227,Columbia
1102137,城ヶ崎莉嘉,2718847,2076126,THE IDOLM@STER CINDERELLA GIRLS LITTLE STARS! Snow*Love,9227,Columbia
1102137,城ヶ崎莉嘉,2718847,2076126,THE IDOLM@STER CINDERELLA GIRLS LITTLE STARS! Snow*Love,9227,Columbia
1102137,城ヶ崎莉嘉,2718847,2076126,THE IDOLM@STER CINDERELLA GIRLS LITTLE STARS! Snow*Love,-1,
908062,山本希望,2718847,2076126,THE IDOLM@STER CINDERELLA GIRLS LITTLE STARS! Snow*Love,9227,Columbia
908062,山本希望,2718847,2076126,THE IDOLM@STER CINDERELLA GIRLS LITTLE STARS! Snow*Love,9227,Columbia
908062,山本希望,2718847,2076126,THE IDOLM@STER CINDERELLA GIRLS LITTLE STARS! Snow*Love,9227,Columbia
908062,山本希望,2718847,2076126,THE IDOLM@STER CINDERELLA GIRLS LITTLE STARS! Snow*Love,-1,
1118843,緒方智絵里,2820537,2493666,THE IDOLM@STER CINDERELLA GIRLS STARLIGHT MASTER GOLD RUSH! 02 太陽の絵の具箱,9227,Columbia
1118843,緒方智絵里,2820537,2493666,THE IDOLM@STER CINDERELLA GIRLS STARLIGHT MASTER GOLD RUSH! 02 太陽の絵の具箱,9227,Columbia
1118842,大空直美,2820537,2493666,THE IDOLM@STER CINDERELLA GIRLS STARLIGHT MASTER GOLD RUSH! 02 太陽の絵の具箱,9227,Columbia
1118842,大空直美,2820537,2493666,THE IDOLM@STER CINDERELLA GIRLS STARLIGHT MASTER GOLD RUSH! 02 太陽の絵の具箱,9227,Columbia
1431225,依田芳乃,2820537,2493666,THE IDOLM@STER CINDERELLA GIRLS STARLIGHT MASTER GOLD RUSH! 02 太陽の絵の具箱,9227,Columbia
1431225,依田芳乃,2820537,2493666,THE IDOLM@STER CINDERELLA GIRLS STARLIGHT MASTER GOLD RUSH! 02 太陽の絵の具箱,9227,Columbia
1924382,遊佐こずえ,2820537,2493666,THE IDOLM@STER CINDERELLA GIRLS STARLIGHT MASTER GOLD RUSH! 02 太陽の絵の具箱,9227,Columbia
1924382,遊佐こずえ,2820537,2493666,THE IDOLM@STER CINDERELLA GIRLS STARLIGHT MASTER GOLD RUSH! 02 太陽の絵の具箱,9227,Columbia
1358181,花谷麻妃,2820537,2493666,THE IDOLM@STER CINDERELLA GIRLS STARLIGHT MASTER GOLD RUSH! 02 太陽の絵の具箱,9227,Columbia
1358181,花谷麻妃,2820537,2493666,THE IDOLM@STER CINDERELLA GIRLS STARLIGHT MASTER GOLD RUSH! 02 太陽の絵の具箱,9227,Columbia
1924385,佐城雪美,2820537,2493666,THE IDOLM@STER CINDERELLA GIRLS STARLIGHT MASTER GOLD RUSH! 02 太陽の絵の具箱,9227,Columbia
1924385,佐城雪美,2820537,2493666,THE IDOLM@STER CINDERELLA GIRLS STARLIGHT MASTER GOLD RUSH! 02 太陽の絵の具箱,9227,Columbia
1924384,中澤ミナ,2820537,2493666,THE IDOLM@STER CINDERELLA GIRLS STARLIGHT MASTER GOLD RUSH! 02 太陽の絵の具箱,9227,Columbia
1924384,中澤ミナ,2820537,2493666,THE IDOLM@STER CINDERELLA GIRLS STARLIGHT MASTER GOLD RUSH! 02 太陽の絵の具箱,9227,Columbia
1118998,アナスタシア,3019415,2466855,THE IDOLM@STER CINDERELLA GIRLS MASTER SEASONS SPRING!,9227,Columbia
1118998,アナスタシア,3019415,2466855,THE IDOLM@STER CINDERELLA GIRLS MASTER SEASONS SPRING!,9227,Columbia
1118998,アナスタシア,3019415,2466855,THE IDOLM@STER CINDERELLA GIRLS MASTER SEASONS SPRING!,9227,Columbia
1118998,アナスタシア,3019415,2466855,THE IDOLM@STER CINDERELLA GIRLS MASTER SEASONS SPRING!,9227,Columbia
1118998,アナスタシア,3019415,2466855,THE IDOLM@STER CINDERELLA GIRLS MASTER SEASONS SPRING!,-1,
1118998,アナスタシア,3019415,2466855,THE IDOLM@STER CINDERELLA GIRLS MASTER SEASONS SPRING!,9227,Columbia
933210,上坂すみれ,3019415,2466855,THE IDOLM@STER CINDERELLA GIRLS MASTER SEASONS SPRING!,9227,Columbia
933210,上坂すみれ,3019415,2466855,THE IDOLM@STER CINDERELLA GIRLS MASTER SEASONS SPRING!,9227,Columbia
933210,上坂すみれ,3019415,2466855,THE IDOLM@STER CINDERELLA GIRLS MASTER SEASONS SPRING!,9227,Columbia
933210,上坂すみれ,3019415,2466855,THE IDOLM@STER CINDERELLA GIRLS MASTER SEASONS SPRING!,9227,Columbia
933210,上坂すみれ,3019415,2466855,THE IDOLM@STER CINDERELLA GIRLS MASTER SEASONS SPRING!,-1,
933210,上坂すみれ,3019415,2466855,THE IDOLM@STER CINDERELLA GIRLS MASTER SEASONS SPRING!,9227,Columbia
1374443,五十嵐響子,3019415,2466855,THE IDOLM@STER CINDERELLA GIRLS MASTER SEASONS SPRING!,9227,Columbia
1374443,五十嵐響子,3019415,2466855,THE IDOLM@STER CINDERELLA GIRLS MASTER SEASONS SPRING!,9227,Columbia
1374443,五十嵐響子,3019415,2466855,THE IDOLM@STER CINDERELLA GIRLS MASTER SEASONS SPRING!,9227,Columbia
1374443,五十嵐響子,3019415,2466855,THE IDOLM@STER CINDERELLA GIRLS MASTER SEASONS SPRING!,9227,Columbia
1374443,五十嵐響子,3019415,2466855,THE IDOLM@STER CINDERELLA GIRLS MASTER SEASONS SPRING!,-1,
1374443,五十嵐響子,3019415,2466855,THE IDOLM@STER CINDERELLA GIRLS MASTER SEASONS SPRING!,9227,Columbia
947920,種﨑敦美,3019415,2466855,THE IDOLM@STER CINDERELLA GIRLS MASTER SEASONS SPRING!,9227,Columbia
947920,種﨑敦美,3019415,2466855,THE IDOLM@STER CINDERELLA GIRLS MASTER SEASONS SPRING!,9227,Columbia
947920,種﨑敦美,3019415,2466855,THE IDOLM@STER CINDERELLA GIRLS MASTER SEASONS SPRING!,9227,Columbia
947920,種﨑敦美,3019415,2466855,THE IDOLM@STER CINDERELLA GIRLS MASTER SEASONS SPRING!,9227,Columbia
947920,種﨑敦美,3019415,2466855,THE IDOLM@STER CINDERELLA GIRLS MASTER SEASONS SPRING!,-1,
947920,種﨑敦美,3019415,2466855,THE IDOLM@STER CINDERELLA GIRLS MASTER SEASONS SPRING!,9227,Columbia
1584073,喜多見柚,3019415,2466855,THE IDOLM@STER CINDERELLA GIRLS MASTER SEASONS SPRING!,9227,Columbia
1584073,喜多見柚,3019415,2466855,THE IDOLM@STER CINDERELLA GIRLS MASTER SEASONS SPRING!,9227,Columbia
1584073,喜多見柚,3019415,2466855,THE IDOLM@STER CINDERELLA GIRLS MASTER SEASONS SPRING!,9227,Columbia
1584073,喜多見柚,3019415,2466855,THE IDOLM@STER CINDERELLA GIRLS MASTER SEASONS SPRING!,9227,Columbia
1584073,喜多見柚,3019415,2466855,THE IDOLM@STER CINDERELLA GIRLS MASTER SEASONS SPRING!,-1,
1584073,喜多見柚,3019415,2466855,THE IDOLM@STER CINDERELLA GIRLS MASTER SEASONS SPRING!,9227,Columbia
1584072,武田羅梨沙多胡,3019415,2466855,THE IDOLM@STER CINDERELLA GIRLS MASTER SEASONS SPRING!,9227,Columbia
1584072,武田羅梨沙多胡,3019415,2466855,THE IDOLM@STER CINDERELLA GIRLS MASTER SEASONS SPRING!,9227,Columbia
1584072,武田羅梨沙多胡,3019415,2466855,THE IDOLM@STER CINDERELLA GIRLS MASTER SEASONS SPRING!,9227,Columbia
1584072,武田羅梨沙多胡,3019415,2466855,THE IDOLM@STER CINDERELLA GIRLS MASTER SEASONS SPRING!,9227,Columbia
1584072,武田羅梨沙多胡,3019415,2466855,THE IDOLM@STER CINDERELLA GIRLS MASTER SEASONS SPRING!,-1,
1584072,武田羅梨沙多胡,3019415,2466855,THE IDOLM@STER CINDERELLA GIRLS MASTER SEASONS SPRING!,9227,Columbia
1584077,関裕美,3019415,2466855,THE IDOLM@STER CINDERELLA GIRLS MASTER SEASONS SPRING!,9227,Columbia
1584077,関裕美,3019415,2466855,THE IDOLM@STER CINDERELLA GIRLS MASTER SEASONS SPRING!,9227,Columbia
1584077,関裕美,3019415,2466855,THE IDOLM@STER CINDERELLA GIRLS MASTER SEASONS SPRING!,9227,Columbia
1584077,関裕美,3019415,2466855,THE IDOLM@STER CINDERELLA GIRLS MASTER SEASONS SPRING!,9227,Columbia
1584077,関裕美,3019415,2466855,THE IDOLM@STER CINDERELLA GIRLS MASTER SEASONS SPRING!,-1,
1584077,関裕美,3019415,2466855,THE IDOLM@STER CINDERELLA GIRLS MASTER SEASONS SPRING!,9227,Columbia
1584076,会沢紗弥,3019415,2466855,THE IDOLM@STER CINDERELLA GIRLS MASTER SEASONS SPRING!,9227,Columbia
1584076,会沢紗弥,3019415,2466855,THE IDOLM@STER CINDERELLA GIRLS MASTER SEASONS SPRING!,9227,Columbia
1584076,会沢紗弥,3019415,2466855,THE IDOLM@STER CINDERELLA GIRLS MASTER SEASONS SPRING!,9227,Columbia
1584076,会沢紗弥,3019415,2466855,THE IDOLM@STER CINDERELLA GIRLS MASTER SEASONS SPRING!,9227,Columbia
1584076,会沢紗弥,3019415,2466855,THE IDOLM@STER CINDERELLA GIRLS MASTER SEASONS SPRING!,-1,
1584076,会沢紗弥,3019415,2466855,THE IDOLM@STER CINDERELLA GIRLS MASTER SEASONS SPRING!,9227,Columbia
1383846,二宮飛鳥,3019415,2466855,THE IDOLM@STER CINDERELLA GIRLS MASTER SEASONS SPRING!,9227,Columbia
1383846,二宮飛鳥,3019415,2466855,THE IDOLM@STER CINDERELLA GIRLS MASTER SEASONS SPRING!,9227,Columbia
1383846,二宮飛鳥,3019415,2466855,THE IDOLM@STER CINDERELLA GIRLS MASTER SEASONS SPRING!,9227,Columbia
1383846,二宮飛鳥,3019415,2466855,THE IDOLM@STER CINDERELLA GIRLS MASTER SEASONS SPRING!,9227,Columbia
1383846,二宮飛鳥,3019415,2466855,THE IDOLM@STER CINDERELLA GIRLS MASTER SEASONS SPRING!,-1,
1383846,二宮飛鳥,3019415,2466855,THE IDOLM@STER CINDERELLA GIRLS MASTER SEASONS SPRING!,9227,Columbia
1383845,青木志貴,3019415,2466855,THE IDOLM@STER CINDERELLA GIRLS MASTER SEASONS SPRING!,9227,Columbia
1383845,青木志貴,3019415,2466855,THE IDOLM@STER CINDERELLA GIRLS MASTER SEASONS SPRING!,9227,Columbia
1383845,青木志貴,3019415,2466855,THE IDOLM@STER CINDERELLA GIRLS MASTER SEASONS SPRING!,9227,Columbia
1383845,青木志貴,3019415,2466855,THE IDOLM@STER CINDERELLA GIRLS MASTER SEASONS SPRING!,9227,Columbia
1383845,青木志貴,3019415,2466855,THE IDOLM@STER CINDERELLA GIRLS MASTER SEASONS SPRING!,-1,
1383845,青木志貴,3019415,2466855,THE IDOLM@STER CINDERELLA GIRLS MASTER SEASONS SPRING!,9227,Columbia
1584070,藤原肇,3019415,2466855,THE IDOLM@STER CINDERELLA GIRLS MASTER SEASONS SPRING!,9227,Columbia
1584070,藤原肇,3019415,2466855,THE IDOLM@STER CINDERELLA GIRLS MASTER SEASONS SPRING!,9227,Columbia
1584070,藤原肇,3019415,2466855,THE IDOLM@STER CINDERELLA GIRLS MASTER SEASONS SPRING!,9227,Columbia
1584070,藤原肇,3019415,2466855,THE IDOLM@STER CINDERELLA GIRLS MASTER SEASONS SPRING!,9227,Columbia
1584070,藤原肇,3019415,2466855,THE IDOLM@STER CINDERELLA GIRLS MASTER SEASONS SPRING!,-1,
1584070,藤原肇,3019415,2466855,THE IDOLM@STER CINDERELLA GIRLS MASTER SEASONS SPRING!,9227,Columbia
1364355,鈴木みのり,3019415,2466855,THE IDOLM@STER CINDERELLA GIRLS MASTER SEASONS SPRING!,9227,Columbia
1364355,鈴木みのり,3019415,2466855,THE IDOLM@STER CINDERELLA GIRLS MASTER SEASONS SPRING!,9227,Columbia
1364355,鈴木みのり,3019415,2466855,THE IDOLM@STER CINDERELLA GIRLS MASTER SEASONS SPRING!,9227,Columbia
1364355,鈴木みのり,3019415,2466855,THE IDOLM@STER CINDERELLA GIRLS MASTER SEASONS SPRING!,9227,Columbia
1364355,鈴木みのり,3019415,2466855,THE IDOLM@STER CINDERELLA GIRLS MASTER SEASONS SPRING!,-1,
1364355,鈴木みのり,3019415,2466855,THE IDOLM@STER CINDERELLA GIRLS MASTER SEASONS SPRING!,9227,Columbia
1119011,北条加蓮,3019415,2466855,THE IDOLM@STER CINDERELLA GIRLS MASTER SEASONS SPRING!,9227,Columbia
1119011,北条加蓮,3019415,2466855,THE IDOLM@STER CINDERELLA GIRLS MASTER SEASONS SPRING!,9227,Columbia
1119011,北条加蓮,3019415,2466855,THE IDOLM@STER CINDERELLA GIRLS MASTER SEASONS SPRING!,9227,Columbia
1119011,北条加蓮,3019415,2466855,THE IDOLM@STER CINDERELLA GIRLS MASTER SEASONS SPRING!,9227,Columbia
1119011,北条加蓮,3019415,2466855,THE IDOLM@STER CINDERELLA GIRLS MASTER SEASONS SPRING!,-1,
1119011,北条加蓮,3019415,2466855,THE IDOLM@STER CINDERELLA GIRLS MASTER SEASONS SPRING!,9227,Columbia
942764,渕上舞,3019415,2466855,THE IDOLM@STER CINDERELLA GIRLS MASTER SEASONS SPRING!,9227,Columbia
942764,渕上舞,3019415,2466855,THE IDOLM@STER CINDERELLA GIRLS MASTER SEASONS SPRING!,9227,Columbia
942764,渕上舞,3019415,2466855,THE IDOLM@STER CINDERELLA GIRLS MASTER SEASONS SPRING!,9227,Columbia
942764,渕上舞,3019415,2466855,THE IDOLM@STER CINDERELLA GIRLS MASTER SEASONS SPRING!,9227,Columbia
942764,渕上舞,3019415,2466855,THE IDOLM@STER CINDERELLA GIRLS MASTER SEASONS SPRING!,-1,
942764,渕上舞,3019415,2466855,THE IDOLM@STER CINDERELLA GIRLS MASTER SEASONS SPRING!,9227,Columbia
1102133,本田未央,3019415,2466855,THE IDOLM@STER CINDERELLA GIRLS MASTER SEASONS SPRING!,9227,Columbia
1102133,本田未央,3019415,2466855,THE IDOLM@STER CINDERELLA GIRLS MASTER SEASONS SPRING!,9227,Columbia
1102133,本田未央,3019415,2466855,THE IDOLM@STER CINDERELLA GIRLS MASTER SEASONS SPRING!,9227,Columbia
1102133,本田未央,3019415,2466855,THE IDOLM@STER CINDERELLA GIRLS MASTER SEASONS SPRING!,9227,Columbia
1102133,本田未央,3019415,2466855,THE IDOLM@STER CINDERELLA GIRLS MASTER SEASONS SPRING!,-1,
1102133,本田未央,3019415,2466855,THE IDOLM@STER CINDERELLA GIRLS MASTER SEASONS SPRING!,9227,Columbia
1064750,原紗友里,3019415,2466855,THE IDOLM@STER CINDERELLA GIRLS MASTER SEASONS SPRING!,9227,Columbia
1064750,原紗友里,3019415,2466855,THE IDOLM@STER CINDERELLA GIRLS MASTER SEASONS SPRING!,9227,Columbia
1064750,原紗友里,3019415,2466855,THE IDOLM@STER CINDERELLA GIRLS MASTER SEASONS SPRING!,9227,Columbia
1064750,原紗友里,3019415,2466855,THE IDOLM@STER CINDERELLA GIRLS MASTER SEASONS SPRING!,9227,Columbia
1064750,原紗友里,3019415,2466855,THE IDOLM@STER CINDERELLA GIRLS MASTER SEASONS SPRING!,-1,
1064750,原紗友里,3019415,2466855,THE IDOLM@STER CINDERELLA GIRLS MASTER SEASONS SPRING!,9227,Columbia
1503242,水本ゆかり,3019415,2466855,THE IDOLM@STER CINDERELLA GIRLS MASTER SEASONS SPRING!,9227,Columbia
1503242,水本ゆかり,3019415,2466855,THE IDOLM@STER CINDERELLA GIRLS MASTER SEASONS SPRING!,9227,Columbia
1503242,水本ゆかり,3019415,2466855,THE IDOLM@STER CINDERELLA GIRLS MASTER SEASONS SPRING!,9227,Columbia
1503242,水本ゆかり,3019415,2466855,THE IDOLM@STER CINDERELLA GIRLS MASTER SEASONS SPRING!,9227,Columbia
1503242,水本ゆかり,3019415,2466855,THE IDOLM@STER CINDERELLA GIRLS MASTER SEASONS SPRING!,-1,
1503242,水本ゆかり,3019415,2466855,THE IDOLM@STER CINDERELLA GIRLS MASTER SEASONS SPRING!,9227,Columbia
1498786,藤田茜,3019415,2466855,THE IDOLM@STER CINDERELLA GIRLS MASTER SEASONS SPRING!,9227,Columbia
1498786,藤田茜,3019415,2466855,THE IDOLM@STER CINDERELLA GIRLS MASTER SEASONS SPRING!,9227,Columbia
1498786,藤田茜,3019415,2466855,THE IDOLM@STER CINDERELLA GIRLS MASTER SEASONS SPRING!,9227,Columbia
1498786,藤田茜,3019415,2466855,THE IDOLM@STER CINDERELLA GIRLS MASTER SEASONS SPRING!,9227,Columbia
1498786,藤田茜,3019415,2466855,THE IDOLM@STER CINDERELLA GIRLS MASTER SEASONS SPRING!,-1,
1498786,藤田茜,3019415,2466855,THE IDOLM@STER CINDERELLA GIRLS MASTER SEASONS SPRING!,9227,Columbia
1827982,棟方愛海,3019415,2466855,THE IDOLM@STER CINDERELLA GIRLS MASTER SEASONS SPRING!,9227,Columbia
1827982,棟方愛海,3019415,2466855,THE IDOLM@STER CINDERELLA GIRLS MASTER SEASONS SPRING!,9227,Columbia
1827982,棟方愛海,3019415,2466855,THE IDOLM@STER CINDERELLA GIRLS MASTER SEASONS SPRING!,9227,Columbia
1827982,棟方愛海,3019415,2466855,THE IDOLM@STER CINDERELLA GIRLS MASTER SEASONS SPRING!,9227,Columbia
1827982,棟方愛海,3019415,2466855,THE IDOLM@STER CINDERELLA GIRLS MASTER SEASONS SPRING!,-1,
1827982,棟方愛海,3019415,2466855,THE IDOLM@STER CINDERELLA GIRLS MASTER SEASONS SPRING!,9227,Columbia
1827985,藤本彩花,3019415,2466855,THE IDOLM@STER CINDERELLA GIRLS MASTER SEASONS SPRING!,9227,Columbia
1827985,藤本彩花,3019415,2466855,THE IDOLM@STER CINDERELLA GIRLS MASTER SEASONS SPRING!,9227,Columbia
1827985,藤本彩花,3019415,2466855,THE IDOLM@STER CINDERELLA GIRLS MASTER SEASONS SPRING!,9227,Columbia
1827985,藤本彩花,3019415,2466855,THE IDOLM@STER CINDERELLA GIRLS MASTER SEASONS SPRING!,9227,Columbia
1827985,藤本彩花,3019415,2466855,THE IDOLM@STER CINDERELLA GIRLS MASTER SEASONS SPRING!,-1,
1827985,藤本彩花,3019415,2466855,THE IDOLM@STER CINDERELLA GIRLS MASTER SEASONS SPRING!,9227,Columbia
1431225,依田芳乃,3019415,2466855,THE IDOLM@STER CINDERELLA GIRLS MASTER SEASONS SPRING!,9227,Columbia
1431225,依田芳乃,3019415,2466855,THE IDOLM@STER CINDERELLA GIRLS MASTER SEASONS SPRING!,9227,Columbia
1431225,依田芳乃,3019415,2466855,THE IDOLM@STER CINDERELLA GIRLS MASTER SEASONS SPRING!,9227,Columbia
1431225,依田芳乃,3019415,2466855,THE IDOLM@STER CINDERELLA GIRLS MASTER SEASONS SPRING!,9227,Columbia
1431225,依田芳乃,3019415,2466855,THE IDOLM@STER CINDERELLA GIRLS MASTER SEASONS SPRING!,-1,
1431225,依田芳乃,3019415,2466855,THE IDOLM@STER CINDERELLA GIRLS MASTER SEASONS SPRING!,9227,Columbia
1381229,龍崎薫,3019415,2466855,THE IDOLM@STER CINDERELLA GIRLS MASTER SEASONS SPRING!,9227,Columbia
1381229,龍崎薫,3019415,2466855,THE IDOLM@STER CINDERELLA GIRLS MASTER SEASONS SPRING!,9227,Columbia
1381229,龍崎薫,3019415,2466855,THE IDOLM@STER CINDERELLA GIRLS MASTER SEASONS SPRING!,9227,Columbia
1381229,龍崎薫,3019415,2466855,THE IDOLM@STER CINDERELLA GIRLS MASTER SEASONS SPRING!,9227,Columbia
1381229,龍崎薫,3019415,2466855,THE IDOLM@STER CINDERELLA GIRLS MASTER SEASONS SPRING!,-1,
1381229,龍崎薫,3019415,2466855,THE IDOLM@STER CINDERELLA GIRLS MASTER SEASONS SPRING!,9227,Columbia
1381228,春瀬なつみ,3019415,2466855,THE IDOLM@STER CINDERELLA GIRLS MASTER SEASONS SPRING!,9227,Columbia
1381228,春瀬なつみ,3019415,2466855,THE IDOLM@STER CINDERELLA GIRLS MASTER SEASONS SPRING!,9227,Columbia
1381228,春瀬なつみ,3019415,2466855,THE IDOLM@STER CINDERELLA GIRLS MASTER SEASONS SPRING!,9227,Columbia
1381228,春瀬なつみ,3019415,2466855,THE IDOLM@STER CINDERELLA GIRLS MASTER SEASONS SPRING!,9227,Columbia
1381228,春瀬なつみ,3019415,2466855,THE IDOLM@STER CINDERELLA GIRLS MASTER SEASONS SPRING!,-1,
1381228,春瀬なつみ,3019415,2466855,THE IDOLM@STER CINDERELLA GIRLS MASTER SEASONS SPRING!,9227,Columbia
1431225,依田芳乃,3021381,2282009,THE IDOLM@STER CINDERELLA GIRLS STARLIGHT MASTER 34 Sunshine See May,9227,Columbia
1584070,藤原肇,3021381,2282009,THE IDOLM@STER CINDERELLA GIRLS STARLIGHT MASTER 34 Sunshine See May,9227,Columbia
1364355,鈴木みのり,3021381,2282009,THE IDOLM@STER CINDERELLA GIRLS STARLIGHT MASTER 34 Sunshine See May,9227,Columbia
1093174,高垣楓,3021381,2282009,THE IDOLM@STER CINDERELLA GIRLS STARLIGHT MASTER 34 Sunshine See May,9227,Columbia
564123,早見沙織,3021381,2282009,THE IDOLM@STER CINDERELLA GIRLS STARLIGHT MASTER 34 Sunshine See May,9227,Columbia
1298059,橘ありす,3021381,2282009,THE IDOLM@STER CINDERELLA GIRLS STARLIGHT MASTER 34 Sunshine See May,9227,Columbia
878749,佐藤亜美菜,3021381,2282009,THE IDOLM@STER CINDERELLA GIRLS STARLIGHT MASTER 34 Sunshine See May,9227,Columbia
1312273,速水奏,3021381,2282009,THE IDOLM@STER CINDERELLA GIRLS STARLIGHT MASTER 34 Sunshine See May,9227,Columbia
1119803,飯田友子,3021381,2282009,THE IDOLM@STER CINDERELLA GIRLS STARLIGHT MASTER 34 Sunshine See May,9227,Columbia
1418531,涼風青葉,3083376,2753328,TVアニメ「NEW GAME!」ドラマCD 1,199595,M.F.W
1418531,涼風青葉,3083376,2754158,TVアニメ「NEW GAME!」ドラマCD 3,199595,M.F.W
1448849,八神コウ,3083376,2753328,TVアニメ「NEW GAME!」ドラマCD 1,199595,M.F.W
1448849,八神コウ,3083376,2754158,TVアニメ「NEW GAME!」ドラマCD 3,199595,M.F.W
624882,日笠陽子,3083376,2753328,TVアニメ「NEW GAME!」ドラマCD 1,199595,M.F.W
624882,日笠陽子,3083376,2754158,TVアニメ「NEW GAME!」ドラマCD 3,199595,M.F.W
1448851,遠山りん,3083376,2753328,TVアニメ「NEW GAME!」ドラマCD 1,199595,M.F.W
1448851,遠山りん,3083376,2754158,TVアニメ「NEW GAME!」ドラマCD 3,199595,M.F.W
805916,茅野愛衣,3083376,2753328,TVアニメ「NEW GAME!」ドラマCD 1,199595,M.F.W
805916,茅野愛衣,3083376,2754158,TVアニメ「NEW GAME!」ドラマCD 3,199595,M.F.W
1427381,滝本ひふみ,3083376,2753328,TVアニメ「NEW GAME!」ドラマCD 1,199595,M.F.W
1427381,滝本ひふみ,3083376,2754158,TVアニメ「NEW GAME!」ドラマCD 3,199595,M.F.W
1001189,山口愛,3083376,2753328,TVアニメ「NEW GAME!」ドラマCD 1,199595,M.F.W
1001189,山口愛,3083376,2754158,TVアニメ「NEW GAME!」ドラマCD 3,199595,M.F.W
1448079,飯島ゆん,3083376,2753328,TVアニメ「NEW GAME!」ドラマCD 1,199595,M.F.W
1448079,飯島ゆん,3083376,2754158,TVアニメ「NEW GAME!」ドラマCD 3,199595,M.F.W
1448080,竹尾歩美,3083376,2753328,TVアニメ「NEW GAME!」ドラマCD 1,199595,M.F.W
1448080,竹尾歩美,3083376,2754158,TVアニメ「NEW GAME!」ドラマCD 3,199595,M.F.W
1448861,桜ねね,3083376,2753328,TVアニメ「NEW GAME!」ドラマCD 1,199595,M.F.W
1448861,桜ねね,3083376,2754158,TVアニメ「NEW GAME!」ドラマCD 3,199595,M.F.W
1448862,朝日奈丸佳,3083376,2753328,TVアニメ「NEW GAME!」ドラマCD 1,199595,M.F.W
1448862,朝日奈丸佳,3083376,2754158,TVアニメ「NEW GAME!」ドラマCD 3,199595,M.F.W
1467371,阿波根うみこ,3083376,2753328,TVアニメ「NEW GAME!」ドラマCD 1,199595,M.F.W
1467371,阿波根うみこ,3083376,2754158,TVアニメ「NEW GAME!」ドラマCD 3,199595,M.F.W
1383474,森永千才,3083376,2753328,TVアニメ「NEW GAME!」ドラマCD 1,199595,M.F.W
1383474,森永千才,3083376,2754158,TVアニメ「NEW GAME!」ドラマCD 3,199595,M.F.W
1574275,葉月しずく,3083376,2753328,TVアニメ「NEW GAME!」ドラマCD 1,199595,M.F.W
1574275,葉月しずく,3083376,2754158,TVアニメ「NEW GAME!」ドラマCD 3,199595,M.F.W
492803,喜多村英梨,3083376,2753328,TVアニメ「NEW GAME!」ドラマCD 1,199595,M.F.W
492803,喜多村英梨,3083376,2754158,TVアニメ「NEW GAME!」ドラマCD 3,199595,M.F.W
