id,name,credit,songid,song,labelid,label
20157,Jean Sibelius,1037648,947335,"BBC Music, Volume 14, Number 11: Sibelius: Symphony no. 1 / Nielsen: Symphony no. 1",52411,BBC Music Magazine
23385,Carl Nielsen,1037648,947335,"BBC Music, Volume 14, Number 11: Sibelius: Symphony no. 1 / Nielsen: Symphony no. 1",52411,BBC Music Magazine
704632,Joseph Swensen,1037648,947335,"BBC Music, Volume 14, Number 11: Sibelius: Symphony no. 1 / Nielsen: Symphony no. 1",52411,BBC Music Magazine
284075,Ulster Orchestra,1037648,947335,"BBC Music, Volume 14, Number 11: Sibelius: Symphony no. 1 / Nielsen: Symphony no. 1",52411,BBC Music Magazine
704633,János Fürst,1037648,947335,"BBC Music, Volume 14, Number 11: Sibelius: Symphony no. 1 / Nielsen: Symphony no. 1",52411,BBC Music Magazine
168060,Arthur Benjamin,1178449,1276444,The Film Music of Arthur Benjamin & Leighton Lucas,75266,Chandos Movies
661315,Leighton Lucas,1178449,1276444,The Film Music of Arthur Benjamin & Leighton Lucas,75266,Chandos Movies
839021,Rumon Gamba,1178449,1276444,The Film Music of Arthur Benjamin & Leighton Lucas,75266,Chandos Movies
63891,武満徹,1088107,853224,A Flock Descends,3598,BIS
628605,Paul Watkins,1088107,853224,A Flock Descends,3598,BIS
358288,尾高忠明,1088107,853224,A Flock Descends,3598,BIS
10093,Дмитрий Дмитриевич Шостакович,1088968,1217431,Symphony no. 14,3598,BIS
391691,Joan Rodgers,1088968,1217431,Symphony no. 14,3598,BIS
239739,John Tomlinson,1088968,1217431,Symphony no. 14,3598,BIS
650674,Mark Wigglesworth,1088968,1217431,Symphony no. 14,3598,BIS
158225,Frank Bridge,1104242,1185262,"Orchestral Works, Volume 1: Isabella / Enter Spring / Mid of the Night / Two Poems for Orchestra",1842,Chandos
158225,Frank Bridge,1104242,1185264,"Orchestral Works, Volume 2: The Sea / Dance Poem / Dance Rhapsody / Norse Legend / Five Entr'actes",1842,Chandos
81420,Richard Hickox,1104242,1185262,"Orchestral Works, Volume 1: Isabella / Enter Spring / Mid of the Night / Two Poems for Orchestra",1842,Chandos
81420,Richard Hickox,1104242,1185264,"Orchestral Works, Volume 2: The Sea / Dance Poem / Dance Rhapsody / Norse Legend / Five Entr'actes",1842,Chandos
158225,Frank Bridge,1104263,1185273,"Orchestral Works, Volume 6: A Royal Night of Variety / The Pageant of London / Berceuse / Chant d'espérance / Serenade / Orchestral Songs",1842,Chandos
81420,Richard Hickox,1104263,1185273,"Orchestral Works, Volume 6: A Royal Night of Variety / The Pageant of London / Berceuse / Chant d'espérance / Serenade / Orchestral Songs",1842,Chandos
485885,Sarah Connolly,1104263,1185273,"Orchestral Works, Volume 6: A Royal Night of Variety / The Pageant of London / Berceuse / Chant d'espérance / Serenade / Orchestral Songs",1842,Chandos
491078,Philip Langridge,1104263,1185273,"Orchestral Works, Volume 6: A Royal Night of Variety / The Pageant of London / Berceuse / Chant d'espérance / Serenade / Orchestral Songs",1842,Chandos
158225,Frank Bridge,1104267,1185276,"Orchestral Works, Volume 5: Suite / Valse Intermezzo / Two Entr'actes / Two Intermezzi / Two Old English Songs / Todessehnsucht / Sir Roger de Coverley / Two Songs of Robert Bridges / The Hag",1842,Chandos
81420,Richard Hickox,1104267,1185276,"Orchestral Works, Volume 5: Suite / Valse Intermezzo / Two Entr'actes / Two Intermezzi / Two Old English Songs / Todessehnsucht / Sir Roger de Coverley / Two Songs of Robert Bridges / The Hag",1842,Chandos
521437,Roderick Williams,1104267,1185276,"Orchestral Works, Volume 5: Suite / Valse Intermezzo / Two Entr'actes / Two Intermezzi / Two Old English Songs / Todessehnsucht / Sir Roger de Coverley / Two Songs of Robert Bridges / The Hag",1842,Chandos
158225,Frank Bridge,1104268,1185268,"Orchestral Works, Volume 4: A Prayer / Oration / Rebus / Lament / Allegro moderato",1842,Chandos
617150,BBC National Chorus of Wales,1104268,1185268,"Orchestral Works, Volume 4: A Prayer / Oration / Rebus / Lament / Allegro moderato",1842,Chandos
81420,Richard Hickox,1104268,1185268,"Orchestral Works, Volume 4: A Prayer / Oration / Rebus / Lament / Allegro moderato",1842,Chandos
613433,Alban Gerhardt,1104268,1185268,"Orchestral Works, Volume 4: A Prayer / Oration / Rebus / Lament / Allegro moderato",1842,Chandos
158225,Frank Bridge,1104272,1185267,"Orchestral Works, Volume 3: Coronation March / Phantasm / Summer / Vignettes de danse / There Is a Willow Grows Aslant a Brook / Sir Roger de Coverley",1842,Chandos
81420,Richard Hickox,1104272,1185267,"Orchestral Works, Volume 3: Coronation March / Phantasm / Summer / Vignettes de danse / There Is a Willow Grows Aslant a Brook / Sir Roger de Coverley",1842,Chandos
488052,Howard Shelley,1104272,1185267,"Orchestral Works, Volume 3: Coronation March / Phantasm / Summer / Vignettes de danse / There Is a Willow Grows Aslant a Brook / Sir Roger de Coverley",1842,Chandos
325692,Edmund Rubbra,1104332,1186655,Symphony no. 1 / A Tribute / Sinfonia concertante,1842,Chandos
81420,Richard Hickox,1104332,1186655,Symphony no. 1 / A Tribute / Sinfonia concertante,1842,Chandos
488052,Howard Shelley,1104332,1186655,Symphony no. 1 / A Tribute / Sinfonia concertante,1842,Chandos
32736,Edward Elgar,1104463,1226590,Symphony no. 1 / Organ Sonata,1842,Chandos
81420,Richard Hickox,1104463,1226590,Symphony no. 1 / Organ Sonata,1842,Chandos
11444,Gustav Holst,1104640,1226648,"Orchestral Works, Volume 1: Ballet from ""The Perfect Fool"" / The Lure / The Golden Goose / The Morning of the Year",1842,Chandos
11444,Gustav Holst,1104640,1226648,"Orchestral Works, Volume 1: Ballet from ""The Perfect Fool"" / The Lure / The Golden Goose / The Morning of the Year",1842,Chandos
53290,The Joyful Company of Singers,1104640,1226648,"Orchestral Works, Volume 1: Ballet from ""The Perfect Fool"" / The Lure / The Golden Goose / The Morning of the Year",1842,Chandos
53290,The Joyful Company of Singers,1104640,1226648,"Orchestral Works, Volume 1: Ballet from ""The Perfect Fool"" / The Lure / The Golden Goose / The Morning of the Year",1842,Chandos
81420,Richard Hickox,1104640,1226648,"Orchestral Works, Volume 1: Ballet from ""The Perfect Fool"" / The Lure / The Golden Goose / The Morning of the Year",1842,Chandos
81420,Richard Hickox,1104640,1226648,"Orchestral Works, Volume 1: Ballet from ""The Perfect Fool"" / The Lure / The Golden Goose / The Morning of the Year",1842,Chandos
245138,Sir Charles Villiers Stanford,1104736,1036889,The Revenge: A Ballad of the Fleet / Songs of the Sea / Songs of the Fleet,1842,Chandos
617150,BBC National Chorus of Wales,1104736,1036889,The Revenge: A Ballad of the Fleet / Songs of the Sea / Songs of the Fleet,1842,Chandos
81420,Richard Hickox,1104736,1036889,The Revenge: A Ballad of the Fleet / Songs of the Sea / Songs of the Fleet,1842,Chandos
363908,Gerald Finley,1104736,1036889,The Revenge: A Ballad of the Fleet / Songs of the Sea / Songs of the Fleet,1842,Chandos
30467,John Tavener,1104740,176996,We Shall See Him as He Is,1842,Chandos
81420,Richard Hickox,1104740,176996,We Shall See Him as He Is,1842,Chandos
325692,Edmund Rubbra,1105121,1186672,Symphony no. 5 / Symphony no. 8 / Ode to the Queen,1842,Chandos
81420,Richard Hickox,1105121,1186672,Symphony no. 5 / Symphony no. 8 / Ode to the Queen,1842,Chandos
455485,Susan Bickley,1105121,1186672,Symphony no. 5 / Symphony no. 8 / Ode to the Queen,1842,Chandos
325692,Edmund Rubbra,1105124,1186665,Symphony no. 3 / Symphony no. 7,1842,Chandos
325692,Edmund Rubbra,1105124,1186669,Symphony no. 4 / Symphony no. 10 / Symphony no. 11,1842,Chandos
81420,Richard Hickox,1105124,1186665,Symphony no. 3 / Symphony no. 7,1842,Chandos
81420,Richard Hickox,1105124,1186669,Symphony no. 4 / Symphony no. 10 / Symphony no. 11,1842,Chandos
325692,Edmund Rubbra,1105137,1186675,"Symphony no. 9 ""Sinfonia Sacra"" / The Morning Watch",1842,Chandos
617150,BBC National Chorus of Wales,1105137,1186675,"Symphony no. 9 ""Sinfonia Sacra"" / The Morning Watch",1842,Chandos
81420,Richard Hickox,1105137,1186675,"Symphony no. 9 ""Sinfonia Sacra"" / The Morning Watch",1842,Chandos
207071,Kenneth Leighton,1105215,1186171,"Orchestral Works, Volume 2: Symphony no. 2 ""Sinfonia mistica"" / Te Deum laudamus",1842,Chandos
617150,BBC National Chorus of Wales,1105215,1186171,"Orchestral Works, Volume 2: Symphony no. 2 ""Sinfonia mistica"" / Te Deum laudamus",1842,Chandos
81420,Richard Hickox,1105215,1186171,"Orchestral Works, Volume 2: Symphony no. 2 ""Sinfonia mistica"" / Te Deum laudamus",1842,Chandos
960483,Sarah Fox,1105215,1186171,"Orchestral Works, Volume 2: Symphony no. 2 ""Sinfonia mistica"" / Te Deum laudamus",1842,Chandos
1119283,Frédéric d’Erlanger,1318706,1381117,"The Romantic Violin Concerto, Volume 10: D'Erlanger: Violin Concerto, op. 17 / Poëme / Cliffe: Violin Concerto",388,Hyperion
1119284,Frederic Cliffe,1318706,1381117,"The Romantic Violin Concerto, Volume 10: D'Erlanger: Violin Concerto, op. 17 / Poëme / Cliffe: Violin Concerto",388,Hyperion
520873,Philippe Graffin,1318706,1381117,"The Romantic Violin Concerto, Volume 10: D'Erlanger: Violin Concerto, op. 17 / Poëme / Cliffe: Violin Concerto",388,Hyperion
521436,David Lloyd-Jones,1318706,1381117,"The Romantic Violin Concerto, Volume 10: D'Erlanger: Violin Concerto, op. 17 / Poëme / Cliffe: Violin Concerto",388,Hyperion
10093,Дмитрий Дмитриевич Шостакович,1142520,883638,Symphony no. 5 / Symphony no. 6 / Symphony no. 10,3598,BIS
650674,Mark Wigglesworth,1142520,883638,Symphony no. 5 / Symphony no. 6 / Symphony no. 10,3598,BIS
57494,Александр Константинович Глазунов,1142581,1249014,Orchestral Works Including The 8 Symphonies,3598,BIS
358288,尾高忠明,1142581,1249014,Orchestral Works Including The 8 Symphonies,3598,BIS
44089,Christian Lindberg,1146495,377206,"American Trombone Concertos, Volume 2",3598,BIS
44089,Christian Lindberg,1146495,166895,British Trombone Concertos,3598,BIS
948843,Grant Llewellyn,1146495,377206,"American Trombone Concertos, Volume 2",3598,BIS
948843,Grant Llewellyn,1146495,166895,British Trombone Concertos,3598,BIS
10093,Дмитрий Дмитриевич Шостакович,1196404,1286552,"Cello Concerto no. 1 / Sonata for Cello and Piano, op. 40",377,Harmonia Mundi
656488,Emmanuelle Bertrand,1196404,1286552,"Cello Concerto no. 1 / Sonata for Cello and Piano, op. 40",377,Harmonia Mundi
656489,Pascal Amoyel,1196404,1286552,"Cello Concerto no. 1 / Sonata for Cello and Piano, op. 40",377,Harmonia Mundi
685748,Pascal Rophé,1196404,1286552,"Cello Concerto no. 1 / Sonata for Cello and Piano, op. 40",377,Harmonia Mundi
23385,Carl Nielsen,1204077,1290690,"BBC Music, Volume 21, Number 11: Nielsen: Symphony no. 5 / Sibelius: Symphony no. 5",52411,BBC Music Magazine
20157,Jean Sibelius,1204077,1290690,"BBC Music, Volume 21, Number 11: Nielsen: Symphony no. 5 / Sibelius: Symphony no. 5",52411,BBC Music Magazine
963599,Thomas Søndergård,1204077,1290690,"BBC Music, Volume 21, Number 11: Nielsen: Symphony no. 5 / Sibelius: Symphony no. 5",52411,BBC Music Magazine
9716,Richard Strauss,1260598,1115070,"BBC Music, Volume 1, Number 5: An Alpine Symphony, op. 64",52411,BBC Music Magazine
260379,Mariss Jansons,1260598,1115070,"BBC Music, Volume 1, Number 5: An Alpine Symphony, op. 64",52411,BBC Music Magazine
401865,Richard Blackford,1394441,1465305,The Great Animal Orchestra: Symphony for Orchestra and Wild Soundscapes,89578,Nimbus Alliance
3276,Bernie Krause,1394441,1465305,The Great Animal Orchestra: Symphony for Orchestra and Wild Soundscapes,89578,Nimbus Alliance
635567,Martyn Brabbins,1394441,1465305,The Great Animal Orchestra: Symphony for Orchestra and Wild Soundscapes,89578,Nimbus Alliance
136995,Arthur Honegger,1264461,798775,"Une Cantate de Noël / ""Amphion"" Prelude, Fugue et Postlude / Cello Concerto / Horace victorieux",388,Hyperion
617150,BBC National Chorus of Wales,1264461,798775,"Une Cantate de Noël / ""Amphion"" Prelude, Fugue et Postlude / Cello Concerto / Horace victorieux",388,Hyperion
517628,Thierry Fischer,1264461,798775,"Une Cantate de Noël / ""Amphion"" Prelude, Fugue et Postlude / Cello Concerto / Horace victorieux",388,Hyperion
613433,Alban Gerhardt,1264461,798775,"Une Cantate de Noël / ""Amphion"" Prelude, Fugue et Postlude / Cello Concerto / Horace victorieux",388,Hyperion
694471,James Rutherford,1264461,798775,"Une Cantate de Noël / ""Amphion"" Prelude, Fugue et Postlude / Cello Concerto / Horace victorieux",388,Hyperion
1098210,Arlene Sierra,1290550,1357611,"Arlene Sierra, Volume 2: Game of Attrition",23801,Bridge Records
559141,Jac van Steen,1290550,1357611,"Arlene Sierra, Volume 2: Game of Attrition",23801,Bridge Records
611004,Huw Watkins,1290550,1357611,"Arlene Sierra, Volume 2: Game of Attrition",23801,Bridge Records
383890,Henrique Oswald,1384598,1458181,"The Romantic Piano Concerto, Volume 64: Oswald: Piano Concerto in G minor, op. 10 / Napoleão: Piano Concerto in E-flat minor, op. 31",388,Hyperion
383890,Henrique Oswald,1384598,1458181,"The Romantic Piano Concerto, Volume 64: Oswald: Piano Concerto in G minor, op. 10 / Napoleão: Piano Concerto in E-flat minor, op. 31",388,Hyperion
1167057,Alfredo Napoleão,1384598,1458181,"The Romantic Piano Concerto, Volume 64: Oswald: Piano Concerto in G minor, op. 10 / Napoleão: Piano Concerto in E-flat minor, op. 31",388,Hyperion
1167057,Alfredo Napoleão,1384598,1458181,"The Romantic Piano Concerto, Volume 64: Oswald: Piano Concerto in G minor, op. 10 / Napoleão: Piano Concerto in E-flat minor, op. 31",388,Hyperion
607701,Artur Pizarro,1384598,1458181,"The Romantic Piano Concerto, Volume 64: Oswald: Piano Concerto in G minor, op. 10 / Napoleão: Piano Concerto in E-flat minor, op. 31",388,Hyperion
607701,Artur Pizarro,1384598,1458181,"The Romantic Piano Concerto, Volume 64: Oswald: Piano Concerto in G minor, op. 10 / Napoleão: Piano Concerto in E-flat minor, op. 31",388,Hyperion
635567,Martyn Brabbins,1384598,1458181,"The Romantic Piano Concerto, Volume 64: Oswald: Piano Concerto in G minor, op. 10 / Napoleão: Piano Concerto in E-flat minor, op. 31",388,Hyperion
635567,Martyn Brabbins,1384598,1458181,"The Romantic Piano Concerto, Volume 64: Oswald: Piano Concerto in G minor, op. 10 / Napoleão: Piano Concerto in E-flat minor, op. 31",388,Hyperion
33725,Сергей Васильевич Рахманинов,1435107,1177617,"BBC Music, Volume 20, Number 10: Piano Concerto no. 2 / Symphonic Dances",52411,BBC Music Magazine
510544,Barry Douglas,1435107,1177617,"BBC Music, Volume 20, Number 10: Piano Concerto no. 2 / Symphonic Dances",52411,BBC Music Magazine
284075,Ulster Orchestra,1435107,1177617,"BBC Music, Volume 20, Number 10: Piano Concerto no. 2 / Symphonic Dances",52411,BBC Music Magazine
802717,Michał Dworzyński,1435107,1177617,"BBC Music, Volume 20, Number 10: Piano Concerto no. 2 / Symphonic Dances",52411,BBC Music Magazine
541076,Olari Elts,1435107,1177617,"BBC Music, Volume 20, Number 10: Piano Concerto no. 2 / Symphonic Dances",52411,BBC Music Magazine
63891,武満徹,1436886,1378425,A String Around Autumn,3598,BIS
437939,Philip Dukes,1436886,1378425,A String Around Autumn,3598,BIS
716416,Sharon Bezaly,1436886,1378425,A String Around Autumn,3598,BIS
427916,小川典子,1436886,1378425,A String Around Autumn,3598,BIS
358288,尾高忠明,1436886,1378425,A String Around Autumn,3598,BIS
132379,Ernest Bloch,1441832,1496254,Bloch: Schelomo / Voice in the Wilderness / Caplet: Epiphanie / Ravel: Kaddish,4065,Nimbus Records
177600,André Caplet,1441832,1496254,Bloch: Schelomo / Voice in the Wilderness / Caplet: Epiphanie / Ravel: Kaddish,4065,Nimbus Records
10211,Maurice Ravel,1441832,1496254,Bloch: Schelomo / Voice in the Wilderness / Caplet: Epiphanie / Ravel: Kaddish,4065,Nimbus Records
413959,Benjamin Wallfisch,1441832,1496254,Bloch: Schelomo / Voice in the Wilderness / Caplet: Epiphanie / Ravel: Kaddish,4065,Nimbus Records
340780,Raphael Wallfisch,1441832,1496254,Bloch: Schelomo / Voice in the Wilderness / Caplet: Epiphanie / Ravel: Kaddish,4065,Nimbus Records
41124,Max Bruch,1443482,1307998,"BBC Music, Volume 22, Number 1: Violin Concerto no. 1",52411,BBC Music Magazine
437554,David Atherton,1443482,1307998,"BBC Music, Volume 22, Number 1: Violin Concerto no. 1",52411,BBC Music Magazine
186223,Yehudi Menuhin,1443482,1307998,"BBC Music, Volume 22, Number 1: Violin Concerto no. 1",52411,BBC Music Magazine
133883,Tasmin Little,1443482,1307998,"BBC Music, Volume 22, Number 1: Violin Concerto no. 1",52411,BBC Music Magazine
302571,Nathan Milstein,1443482,1307998,"BBC Music, Volume 22, Number 1: Violin Concerto no. 1",52411,BBC Music Magazine
543335,Ernest Lush,1443482,1307998,"BBC Music, Volume 22, Number 1: Violin Concerto no. 1",52411,BBC Music Magazine
23385,Carl Nielsen,1445752,743816,"BBC Music, Volume 9, Number 9: Symphony no. 4 ""The Inextinguishable"" / Clarinet Concerto",52411,BBC Music Magazine
358288,尾高忠明,1445752,743816,"BBC Music, Volume 9, Number 9: Symphony no. 4 ""The Inextinguishable"" / Clarinet Concerto",52411,BBC Music Magazine
451881,Petri Sakari,1445752,743816,"BBC Music, Volume 9, Number 9: Symphony no. 4 ""The Inextinguishable"" / Clarinet Concerto",52411,BBC Music Magazine
747062,Robert Plane,1445752,743816,"BBC Music, Volume 9, Number 9: Symphony no. 4 ""The Inextinguishable"" / Clarinet Concerto",52411,BBC Music Magazine
33725,Сергей Васильевич Рахманинов,1447091,160060,Symphony No. 2 / Vocalise / Etudes Tableaux Op. 33 & Op. 39,3707,Musical Heritage Society
358288,尾高忠明,1447091,160060,Symphony No. 2 / Vocalise / Etudes Tableaux Op. 33 & Op. 39,3707,Musical Heritage Society
350811,John Lill,1447091,160060,Symphony No. 2 / Vocalise / Etudes Tableaux Op. 33 & Op. 39,3707,Musical Heritage Society
10371,Olivier Messiaen,1454319,751471,"BBC Music, Volume 15, Number 5: Turangalîla Symphony",52411,BBC Music Magazine
517628,Thierry Fischer,1454319,751471,"BBC Music, Volume 15, Number 5: Turangalîla Symphony",52411,BBC Music Magazine
883674,Roger Muraro,1454319,751471,"BBC Music, Volume 15, Number 5: Turangalîla Symphony",52411,BBC Music Magazine
1105494,Jacques Tchamkerten,1454319,751471,"BBC Music, Volume 15, Number 5: Turangalîla Symphony",52411,BBC Music Magazine
635291,John Pickard,2015352,1816675,Sixteen Sunrises / Symphony no. 5 / Concertante Variations,3598,BIS
635567,Martyn Brabbins,2015352,1816675,Sixteen Sunrises / Symphony no. 5 / Concertante Variations,3598,BIS
20157,Jean Sibelius,1502119,1543422,Symphonies 2 & 7,5541,Linn Records
20157,Jean Sibelius,1502119,1543422,Symphonies 2 & 7,5541,Linn Records
963599,Thomas Søndergård,1502119,1543422,Symphonies 2 & 7,5541,Linn Records
963599,Thomas Søndergård,1502119,1543422,Symphonies 2 & 7,5541,Linn Records
33725,Сергей Васильевич Рахманинов,1502505,1543496,Symphony no. 1 / 4 Etudes-tableaux,4065,Nimbus Records
33725,Сергей Васильевич Рахманинов,1502505,1543496,Symphony no. 1 / 4 Etudes-tableaux,585,"BMG Direct Marketing, Inc."
358288,尾高忠明,1502505,1543496,Symphony no. 1 / 4 Etudes-tableaux,4065,Nimbus Records
358288,尾高忠明,1502505,1543496,Symphony no. 1 / 4 Etudes-tableaux,585,"BMG Direct Marketing, Inc."
57494,Александр Константинович Глазунов,1624423,1633515,Symphonies no. 4 & no. 8,3598,BIS
57494,Александр Константинович Глазунов,1624423,1633528,Symphony no. 3 / Ballade,3598,BIS
358288,尾高忠明,1624423,1633515,Symphonies no. 4 & no. 8,3598,BIS
358288,尾高忠明,1624423,1633528,Symphony no. 3 / Ballade,3598,BIS
10093,Дмитрий Дмитриевич Шостакович,1639974,1645839,"Symphony no. 7 ""Leningrad""",3598,BIS
650674,Mark Wigglesworth,1639974,1645839,"Symphony no. 7 ""Leningrad""",3598,BIS
153732,София Асгатовна Губайдулина,1643707,742854,Gubaidulina: Pro et contra / Firsova: Cassandra,3598,BIS
545893,Елена Олеговна Фирсова,1643707,742854,Gubaidulina: Pro et contra / Firsova: Cassandra,3598,BIS
358288,尾高忠明,1643707,742854,Gubaidulina: Pro et contra / Firsova: Cassandra,3598,BIS
22462,Ralph Vaughan Williams,1689987,1680819,"BBC Music, Volume 21, Number 7: Vaughan Williams: Symphony No. 6 / Bridge: The Sea",52411,BBC Music Magazine
158225,Frank Bridge,1689987,1680819,"BBC Music, Volume 21, Number 7: Vaughan Williams: Symphony No. 6 / Bridge: The Sea",52411,BBC Music Magazine
56312,BBC Symphony Orchestra,1689987,1680819,"BBC Music, Volume 21, Number 7: Vaughan Williams: Symphony No. 6 / Bridge: The Sea",52411,BBC Music Magazine
271581,Sir Adrian Boult,1689987,1680819,"BBC Music, Volume 21, Number 7: Vaughan Williams: Symphony No. 6 / Bridge: The Sea",52411,BBC Music Magazine
635567,Martyn Brabbins,1689987,1680819,"BBC Music, Volume 21, Number 7: Vaughan Williams: Symphony No. 6 / Bridge: The Sea",52411,BBC Music Magazine
12181,Johannes Brahms,1692230,1536873,"BBC Music, Volume 22, Number 13: Symphony no. 3 / St. Anthony Variations",52411,BBC Music Magazine
510664,Gianandrea Noseda,1692230,1536873,"BBC Music, Volume 22, Number 13: Symphony no. 3 / St. Anthony Variations",52411,BBC Music Magazine
948843,Grant Llewellyn,1692230,1536873,"BBC Music, Volume 22, Number 13: Symphony no. 3 / St. Anthony Variations",52411,BBC Music Magazine
635567,Martyn Brabbins,1692230,1536873,"BBC Music, Volume 22, Number 13: Symphony no. 3 / St. Anthony Variations",52411,BBC Music Magazine
124934,BBC Philharmonic,1692230,1536873,"BBC Music, Volume 22, Number 13: Symphony no. 3 / St. Anthony Variations",52411,BBC Music Magazine
617150,BBC National Chorus of Wales,1692230,1536873,"BBC Music, Volume 22, Number 13: Symphony no. 3 / St. Anthony Variations",52411,BBC Music Magazine
12439,Benjamin Britten,1710164,1088003,"BBC Music, Volume 15, Number 3: Britten: Plymouth Town / Nocturne / Williams: Ballads for Orchestra",52411,BBC Music Magazine
441083,Grace Williams,1710164,1088003,"BBC Music, Volume 15, Number 3: Britten: Plymouth Town / Nocturne / Williams: Ballads for Orchestra",52411,BBC Music Magazine
56312,BBC Symphony Orchestra,1710164,1088003,"BBC Music, Volume 15, Number 3: Britten: Plymouth Town / Nocturne / Williams: Ballads for Orchestra",52411,BBC Music Magazine
903583,Andrew Kennedy,1710164,1088003,"BBC Music, Volume 15, Number 3: Britten: Plymouth Town / Nocturne / Williams: Ballads for Orchestra",52411,BBC Music Magazine
9414,George Gershwin,1745369,1076754,"BBC Music, Volume 16, Number 13: Gershwin: Piano Concerto in F / Ravel: Piano Concerto in G",52411,BBC Music Magazine
10211,Maurice Ravel,1745369,1076754,"BBC Music, Volume 16, Number 13: Gershwin: Piano Concerto in F / Ravel: Piano Concerto in G",52411,BBC Music Magazine
21361,Béla Bartók,1748683,1084660,"BBC Music, Volume 16, Number 5: Concertos for Orchestra",52411,BBC Music Magazine
54733,Witold Lutosławski,1748683,1084660,"BBC Music, Volume 16, Number 5: Concertos for Orchestra",52411,BBC Music Magazine
56312,BBC Symphony Orchestra,1748683,1084660,"BBC Music, Volume 16, Number 5: Concertos for Orchestra",52411,BBC Music Magazine
358288,尾高忠明,1748683,1084660,"BBC Music, Volume 16, Number 5: Concertos for Orchestra",52411,BBC Music Magazine
54733,Witold Lutosławski,1748683,1084660,"BBC Music, Volume 16, Number 5: Concertos for Orchestra",52411,BBC Music Magazine
34491,Felix Mendelssohn,1775021,1731714,Paulus,1842,Chandos
461160,Susan Gritton,1775021,1731714,Paulus,1842,Chandos
275339,Jean Rigby,1775021,1731714,Paulus,1842,Chandos
81420,Richard Hickox,1775021,1731714,Paulus,1842,Chandos
646676,Barry Banks,1775021,1731714,Paulus,1842,Chandos
617150,BBC National Chorus of Wales,1775021,1731714,Paulus,1842,Chandos
20622,Charles‐Marie Widor,1813087,1338186,"The Romantic Piano Concerto, Volume 55: Piano Concerto no. 1, op. 39 / Piano Concerto no. 2, op. 77 / Fantaisie, op. 62",388,Hyperion
517628,Thierry Fischer,1813087,1338186,"The Romantic Piano Concerto, Volume 55: Piano Concerto no. 1, op. 39 / Piano Concerto no. 2, op. 77 / Fantaisie, op. 62",388,Hyperion
745595,Markus Becker,1813087,1338186,"The Romantic Piano Concerto, Volume 55: Piano Concerto no. 1, op. 39 / Piano Concerto no. 2, op. 77 / Fantaisie, op. 62",388,Hyperion
325692,Edmund Rubbra,1853519,1186664,Symphony no. 2 / Symphony no. 6,1842,Chandos
81420,Richard Hickox,1853519,1186664,Symphony no. 2 / Symphony no. 6,1842,Chandos
20157,Jean Sibelius,2035825,1832243,Symphonies 1 & 6,5541,Linn Records
20157,Jean Sibelius,2035825,1832243,Symphonies 1 & 6,5541,Linn Records
963599,Thomas Søndergård,2035825,1832243,Symphonies 1 & 6,5541,Linn Records
963599,Thomas Søndergård,2035825,1832243,Symphonies 1 & 6,5541,Linn Records
122653,Пётр Ильич Чайковский,2041673,1101728,"BBC Music, Volume 14, Number 1: Piano Concerto no. 1 / Suite no. 3 in G",52411,BBC Music Magazine
284075,Ulster Orchestra,2041673,1101728,"BBC Music, Volume 14, Number 1: Piano Concerto no. 1 / Suite no. 3 in G",52411,BBC Music Magazine
567183,Alexander Melnikov,2041673,1101728,"BBC Music, Volume 14, Number 1: Piano Concerto no. 1 / Suite no. 3 in G",52411,BBC Music Magazine
240388,Александр Титов,2041673,1101728,"BBC Music, Volume 14, Number 1: Piano Concerto no. 1 / Suite no. 3 in G",52411,BBC Music Magazine
1442521,Vladimir Altschuler,2041673,1101728,"BBC Music, Volume 14, Number 1: Piano Concerto no. 1 / Suite no. 3 in G",52411,BBC Music Magazine
125680,Sir Arthur Bliss,2050356,1344771,Concerto for Violin and Orchestra / A Colour Symphony,1842,Chandos
125680,Sir Arthur Bliss,2050356,1344771,Concerto for Violin and Orchestra / A Colour Symphony,1842,Chandos
476748,Лидия Менделевна Мордкович,2050356,1344771,Concerto for Violin and Orchestra / A Colour Symphony,1842,Chandos
476748,Лидия Менделевна Мордкович,2050356,1344771,Concerto for Violin and Orchestra / A Colour Symphony,1842,Chandos
81420,Richard Hickox,2050356,1344771,Concerto for Violin and Orchestra / A Colour Symphony,1842,Chandos
81420,Richard Hickox,2050356,1344771,Concerto for Violin and Orchestra / A Colour Symphony,1842,Chandos
596955,Ruth Gipps,2513736,2240001,Symphonies nos. 2 and 4 / Song for Orchestra / Knight in Armour,1842,Chandos
596955,Ruth Gipps,2513736,2240001,Symphonies nos. 2 and 4 / Song for Orchestra / Knight in Armour,1842,Chandos
839021,Rumon Gamba,2513736,2240001,Symphonies nos. 2 and 4 / Song for Orchestra / Knight in Armour,1842,Chandos
839021,Rumon Gamba,2513736,2240001,Symphonies nos. 2 and 4 / Song for Orchestra / Knight in Armour,1842,Chandos
10341,Claude Debussy,2045389,659677,La mer / King Lear • Childrenʼs Corner • Première rapsodie • Six épigraphes antiques,52411,BBC Music Magazine
358288,尾高忠明,2045389,659677,La mer / King Lear • Childrenʼs Corner • Première rapsodie • Six épigraphes antiques,52411,BBC Music Magazine
839021,Rumon Gamba,1992842,1800169,"British Tone Poems, Volume 1",1842,Chandos
10341,Claude Debussy,2056669,1142068,"BBC Music, Volume 20, Number 5: The Martyrdom of Saint Sebastian",52411,BBC Music Magazine
10341,Claude Debussy,2056669,1142068,"BBC Music, Volume 20, Number 5: The Martyrdom of Saint Sebastian",120374,BBC Radio 3
617150,BBC National Chorus of Wales,2056669,1142068,"BBC Music, Volume 20, Number 5: The Martyrdom of Saint Sebastian",52411,BBC Music Magazine
617150,BBC National Chorus of Wales,2056669,1142068,"BBC Music, Volume 20, Number 5: The Martyrdom of Saint Sebastian",120374,BBC Radio 3
517628,Thierry Fischer,2056669,1142068,"BBC Music, Volume 20, Number 5: The Martyrdom of Saint Sebastian",52411,BBC Music Magazine
517628,Thierry Fischer,2056669,1142068,"BBC Music, Volume 20, Number 5: The Martyrdom of Saint Sebastian",120374,BBC Radio 3
386663,Irène Jacob,2056669,1142068,"BBC Music, Volume 20, Number 5: The Martyrdom of Saint Sebastian",52411,BBC Music Magazine
386663,Irène Jacob,2056669,1142068,"BBC Music, Volume 20, Number 5: The Martyrdom of Saint Sebastian",120374,BBC Radio 3
1490585,Elizabeth Atherton,2056669,1142068,"BBC Music, Volume 20, Number 5: The Martyrdom of Saint Sebastian",52411,BBC Music Magazine
1490585,Elizabeth Atherton,2056669,1142068,"BBC Music, Volume 20, Number 5: The Martyrdom of Saint Sebastian",120374,BBC Radio 3
857548,Jennifer Johnston,2056669,1142068,"BBC Music, Volume 20, Number 5: The Martyrdom of Saint Sebastian",52411,BBC Music Magazine
857548,Jennifer Johnston,2056669,1142068,"BBC Music, Volume 20, Number 5: The Martyrdom of Saint Sebastian",120374,BBC Radio 3
1542634,Tove Dahlberg,2056669,1142068,"BBC Music, Volume 20, Number 5: The Martyrdom of Saint Sebastian",52411,BBC Music Magazine
1542634,Tove Dahlberg,2056669,1142068,"BBC Music, Volume 20, Number 5: The Martyrdom of Saint Sebastian",120374,BBC Radio 3
10293,Gustav Mahler,2087292,79724,"BBC Music, Volume 2, Number 12: Symphony no. 10",52411,BBC Music Magazine
650674,Mark Wigglesworth,2087292,79724,"BBC Music, Volume 2, Number 12: Symphony no. 10",52411,BBC Music Magazine
10093,Дмитрий Дмитриевич Шостакович,2090903,1871417,"BBC Music, Volume 22, Number 8: Symphony no. 5",52411,BBC Music Magazine
10093,Дмитрий Дмитриевич Шостакович,2090903,1871417,"BBC Music, Volume 22, Number 8: Symphony no. 5",120374,BBC Radio 3
358288,尾高忠明,2090903,1871417,"BBC Music, Volume 22, Number 8: Symphony no. 5",52411,BBC Music Magazine
358288,尾高忠明,2090903,1871417,"BBC Music, Volume 22, Number 8: Symphony no. 5",120374,BBC Radio 3
516109,Sir George Dyson,2094804,1092982,Quo Vadis,1842,Chandos
617150,BBC National Chorus of Wales,2094804,1092982,Quo Vadis,1842,Chandos
81420,Richard Hickox,2094804,1092982,Quo Vadis,1842,Chandos
46947,Hector Berlioz,2100422,1121118,"BBC Music, Volume 18, Number 8: Te Deum / Symphonie funèbre et triomphale",52411,BBC Music Magazine
56312,BBC Symphony Orchestra,2100422,1121118,"BBC Music, Volume 18, Number 8: Te Deum / Symphonie funèbre et triomphale",52411,BBC Music Magazine
1577634,Jörg Schneider,2100422,1121118,"BBC Music, Volume 18, Number 8: Te Deum / Symphonie funèbre et triomphale",52411,BBC Music Magazine
255460,Simon Preston,2100422,1121118,"BBC Music, Volume 18, Number 8: Te Deum / Symphonie funèbre et triomphale",52411,BBC Music Magazine
454623,Susanna Mälkki,2100422,1121118,"BBC Music, Volume 18, Number 8: Te Deum / Symphonie funèbre et triomphale",52411,BBC Music Magazine
1577636,Donal Bannister,2100422,1121118,"BBC Music, Volume 18, Number 8: Te Deum / Symphonie funèbre et triomphale",52411,BBC Music Magazine
517628,Thierry Fischer,2100422,1121118,"BBC Music, Volume 18, Number 8: Te Deum / Symphonie funèbre et triomphale",52411,BBC Music Magazine
57494,Александр Константинович Глазунов,2168925,1932524,Symphonies no. 1 & no. 6,3598,BIS
358288,尾高忠明,2168925,1932524,Symphonies no. 1 & no. 6,3598,BIS
22462,Ralph Vaughan Williams,2201955,1002678,The Poisoned Kiss,1842,Chandos
81420,Richard Hickox,2201955,1002678,The Poisoned Kiss,1842,Chandos
136973,Sir Lennox Berkeley,2241147,1993318,"The Berkeley Edition, Volume 1",1842,Chandos
136973,Sir Lennox Berkeley,2241147,1993318,"The Berkeley Edition, Volume 1",1842,Chandos
136975,Michael Berkeley,2241147,1993318,"The Berkeley Edition, Volume 1",1842,Chandos
136975,Michael Berkeley,2241147,1993318,"The Berkeley Edition, Volume 1",1842,Chandos
493370,David Pyatt,2241147,1993318,"The Berkeley Edition, Volume 1",1842,Chandos
493370,David Pyatt,2241147,1993318,"The Berkeley Edition, Volume 1",1842,Chandos
81420,Richard Hickox,2241147,1993318,"The Berkeley Edition, Volume 1",1842,Chandos
81420,Richard Hickox,2241147,1993318,"The Berkeley Edition, Volume 1",1842,Chandos
20157,Jean Sibelius,2254557,2006232,Finlandia / Swan of Tuonela / Oceanides / En saga / Valse triste / King Christian II Suite,-1,
963599,Thomas Søndergård,2254557,2006232,Finlandia / Swan of Tuonela / Oceanides / En saga / Valse triste / King Christian II Suite,-1,
23395,Игорь Фёдорович Стравинский,2257528,1720716,Violin Concertos,1522,Orfeo
241490,Frank Martin,2257528,1720716,Violin Concertos,1522,Orfeo
136995,Arthur Honegger,2257528,1720716,Violin Concertos,1522,Orfeo
466211,Baiba Skride,2257528,1720716,Violin Concertos,1522,Orfeo
517628,Thierry Fischer,2257528,1720716,Violin Concertos,1522,Orfeo
445425,Dan Jones,2276159,2027558,On Chesil Beach,764,Decca Records
445425,Dan Jones,2276159,2027558,On Chesil Beach,764,Decca Records
445425,Dan Jones,2276159,2440303,The Hollow Crown: The Wars of the Roses,-1,
113792,Hubert Parry,2306987,2056757,Symphony no. 4 / Three movements from “Suite moderne” / Proserpine,1842,Chandos
617150,BBC National Chorus of Wales,2306987,2056757,Symphony no. 4 / Three movements from “Suite moderne” / Proserpine,1842,Chandos
839021,Rumon Gamba,2306987,2056757,Symphony no. 4 / Three movements from “Suite moderne” / Proserpine,1842,Chandos
16210,Anton Bruckner,2343908,1096576,"BBC Music, Volume 14, Number 10: Symphony No.7",52411,BBC Music Magazine
451881,Petri Sakari,2343908,1096576,"BBC Music, Volume 14, Number 10: Symphony No.7",52411,BBC Music Magazine
1021,Ludwig van Beethoven,2344044,703319,"BBC Music, Volume 16, Number 7: Symphony No. 9 ""Choral""",52411,BBC Music Magazine
617150,BBC National Chorus of Wales,2344044,703319,"BBC Music, Volume 16, Number 7: Symphony No. 9 ""Choral""",52411,BBC Music Magazine
863021,François‐Xavier Roth,2344044,703319,"BBC Music, Volume 16, Number 7: Symphony No. 9 ""Choral""",52411,BBC Music Magazine
23395,Игорь Фёдорович Стравинский,2360468,415698,"BBC Music, Volume 3, Number 11: Stravinsky: Rite of Spring / Britten: Four Sea Interludes",52411,BBC Music Magazine
12439,Benjamin Britten,2360468,415698,"BBC Music, Volume 3, Number 11: Stravinsky: Rite of Spring / Britten: Four Sea Interludes",52411,BBC Music Magazine
163969,William Walton,2360468,415698,"BBC Music, Volume 3, Number 11: Stravinsky: Rite of Spring / Britten: Four Sea Interludes",52411,BBC Music Magazine
34560,Модест Петрович Мусоргский,2360468,415698,"BBC Music, Volume 3, Number 11: Stravinsky: Rite of Spring / Britten: Four Sea Interludes",52411,BBC Music Magazine
93082,Анатолий Константинович Лядов,2360468,415698,"BBC Music, Volume 3, Number 11: Stravinsky: Rite of Spring / Britten: Four Sea Interludes",52411,BBC Music Magazine
437554,David Atherton,2360468,415698,"BBC Music, Volume 3, Number 11: Stravinsky: Rite of Spring / Britten: Four Sea Interludes",52411,BBC Music Magazine
22462,Ralph Vaughan Williams,2374984,2116457,Vaughan Williams: Flos Campi / Suite for Viola and Small Orchestra / McEwen: Viola Concerto,388,Hyperion
727338,Sir John Blackwood McEwen,2374984,2116457,Vaughan Williams: Flos Campi / Suite for Viola and Small Orchestra / McEwen: Viola Concerto,388,Hyperion
678187,Lawrence Power,2374984,2116457,Vaughan Williams: Flos Campi / Suite for Viola and Small Orchestra / McEwen: Viola Concerto,388,Hyperion
617150,BBC National Chorus of Wales,2374984,2116457,Vaughan Williams: Flos Campi / Suite for Viola and Small Orchestra / McEwen: Viola Concerto,388,Hyperion
635567,Martyn Brabbins,2374984,2116457,Vaughan Williams: Flos Campi / Suite for Viola and Small Orchestra / McEwen: Viola Concerto,388,Hyperion
21238,Erik Satie,2388130,1631605,"BBC Music, Volume 24, Number 6: French Piano Works",52411,BBC Music Magazine
30462,Francis Poulenc,2388130,1631605,"BBC Music, Volume 24, Number 6: French Piano Works",52411,BBC Music Magazine
136995,Arthur Honegger,2388130,1631605,"BBC Music, Volume 24, Number 6: French Piano Works",52411,BBC Music Magazine
116003,Federico Mompou,2388130,1631605,"BBC Music, Volume 24, Number 6: French Piano Works",52411,BBC Music Magazine
142476,Reynaldo Hahn,2388130,1631605,"BBC Music, Volume 24, Number 6: French Piano Works",52411,BBC Music Magazine
402625,Anne Queffélec,2388130,1631605,"BBC Music, Volume 24, Number 6: French Piano Works",52411,BBC Music Magazine
435947,Frank Braley,2388130,1631605,"BBC Music, Volume 24, Number 6: French Piano Works",52411,BBC Music Magazine
948843,Grant Llewellyn,2388130,1631605,"BBC Music, Volume 24, Number 6: French Piano Works",52411,BBC Music Magazine
1021,Ludwig van Beethoven,2730425,2407719,The Complete Piano Concertos,54802,Orchid Classics
1021,Ludwig van Beethoven,2730425,2407719,The Complete Piano Concertos,54802,Orchid Classics
775016,Stewart Goodyear,2730425,2407719,The Complete Piano Concertos,54802,Orchid Classics
775016,Stewart Goodyear,2730425,2407719,The Complete Piano Concertos,54802,Orchid Classics
836070,Andrew Constantine,2730425,2407719,The Complete Piano Concertos,54802,Orchid Classics
836070,Andrew Constantine,2730425,2407719,The Complete Piano Concertos,54802,Orchid Classics
245138,Sir Charles Villiers Stanford,2443560,2181042,"Mass ""Via victrix"" / At the Abbey Gate",23981,Lyrita
1835825,Kiandra Howarth,2443560,2181042,"Mass ""Via victrix"" / At the Abbey Gate",23981,Lyrita
1759734,Jess Dandy,2443560,2181042,"Mass ""Via victrix"" / At the Abbey Gate",23981,Lyrita
1157362,Ruairi Bowen,2443560,2181042,"Mass ""Via victrix"" / At the Abbey Gate",23981,Lyrita
1566443,Gareth Brynmor John,2443560,2181042,"Mass ""Via victrix"" / At the Abbey Gate",23981,Lyrita
617150,BBC National Chorus of Wales,2443560,2181042,"Mass ""Via victrix"" / At the Abbey Gate",23981,Lyrita
1176114,Adrian Partington,2443560,2181042,"Mass ""Via victrix"" / At the Abbey Gate",23981,Lyrita
21361,Béla Bartók,2545146,728691,"BBC Music, Volume 2, Number 2: Duke Bluebeard’s Castle",52411,BBC Music Magazine
505944,Gwynne Howell,2545146,728691,"BBC Music, Volume 2, Number 2: Duke Bluebeard’s Castle",52411,BBC Music Magazine
546156,Sally Burgess,2545146,728691,"BBC Music, Volume 2, Number 2: Duke Bluebeard’s Castle",52411,BBC Music Magazine
708450,Sir Mark Elder,2545146,728691,"BBC Music, Volume 2, Number 2: Duke Bluebeard’s Castle",52411,BBC Music Magazine
9193,Philip Glass,2540791,2112524,"BBC Music, Volume 25, Number 5: Philip Glass: Symphony no. 10 / John Adams: The Dharma at Big Sur",52411,BBC Music Magazine
51506,John Adams,2540791,2112524,"BBC Music, Volume 25, Number 5: Philip Glass: Symphony no. 10 / John Adams: The Dharma at Big Sur",52411,BBC Music Magazine
413497,Chloë Hanslip,2540791,2112524,"BBC Music, Volume 25, Number 5: Philip Glass: Symphony no. 10 / John Adams: The Dharma at Big Sur",52411,BBC Music Magazine
897858,Aurora Orchestra,2540791,2112524,"BBC Music, Volume 25, Number 5: Philip Glass: Symphony no. 10 / John Adams: The Dharma at Big Sur",52411,BBC Music Magazine
897861,Nicholas Collon,2540791,2112524,"BBC Music, Volume 25, Number 5: Philip Glass: Symphony no. 10 / John Adams: The Dharma at Big Sur",52411,BBC Music Magazine
600713,Eric Stern,2540791,2112524,"BBC Music, Volume 25, Number 5: Philip Glass: Symphony no. 10 / John Adams: The Dharma at Big Sur",52411,BBC Music Magazine
20000,Carl Orff,2540820,2112473,"BBC Music, Volume 25, Number 4: Carmina Burana",52411,BBC Music Magazine
1491277,Sarah Tynan,2540820,2112473,"BBC Music, Volume 25, Number 4: Carmina Burana",52411,BBC Music Magazine
646677,Allan Clayton,2540820,2112473,"BBC Music, Volume 25, Number 4: Carmina Burana",52411,BBC Music Magazine
558249,Christopher Maltman,2540820,2112473,"BBC Music, Volume 25, Number 4: Carmina Burana",52411,BBC Music Magazine
617150,BBC National Chorus of Wales,2540820,2112473,"BBC Music, Volume 25, Number 4: Carmina Burana",52411,BBC Music Magazine
853964,National Youth Choir of Wales,2540820,2112473,"BBC Music, Volume 25, Number 4: Carmina Burana",52411,BBC Music Magazine
402875,Andrew Litton,2540820,2112473,"BBC Music, Volume 25, Number 4: Carmina Burana",52411,BBC Music Magazine
207068,Judith Weir,2540822,2113418,"BBC Music, Volume 24, Number 13: Best of British",52411,BBC Music Magazine
180404,Jonathan Harvey,2540822,2113418,"BBC Music, Volume 24, Number 13: Best of British",52411,BBC Music Magazine
273517,John McCabe,2540822,2113418,"BBC Music, Volume 24, Number 13: Best of British",52411,BBC Music Magazine
389034,BBC Singers,2540822,2113418,"BBC Music, Volume 24, Number 13: Best of British",52411,BBC Music Magazine
56312,BBC Symphony Orchestra,2540822,2113418,"BBC Music, Volume 24, Number 13: Best of British",52411,BBC Music Magazine
350478,BBC Scottish Symphony Orchestra,2540822,2113418,"BBC Music, Volume 24, Number 13: Best of British",52411,BBC Music Magazine
124934,BBC Philharmonic,2540822,2113418,"BBC Music, Volume 24, Number 13: Best of British",52411,BBC Music Magazine
459467,BBC Symphony Chorus,2540822,2113418,"BBC Music, Volume 24, Number 13: Best of British",52411,BBC Music Magazine
831634,BBC Concert Orchestra,2540822,2113418,"BBC Music, Volume 24, Number 13: Best of British",52411,BBC Music Magazine
10293,Gustav Mahler,2540823,753311,"BBC Music, Volume 17, Number 1: Mahler: Rückert-Lieder / Brahms: Alto Rhapsody",52411,BBC Music Magazine
12181,Johannes Brahms,2540823,753311,"BBC Music, Volume 17, Number 1: Mahler: Rückert-Lieder / Brahms: Alto Rhapsody",52411,BBC Music Magazine
559139,Christianne Stotijn,2540823,753311,"BBC Music, Volume 17, Number 1: Mahler: Rückert-Lieder / Brahms: Alto Rhapsody",52411,BBC Music Magazine
559141,Jac van Steen,2540823,753311,"BBC Music, Volume 17, Number 1: Mahler: Rückert-Lieder / Brahms: Alto Rhapsody",52411,BBC Music Magazine
559143,Yasuo Shinozaki,2540823,753311,"BBC Music, Volume 17, Number 1: Mahler: Rückert-Lieder / Brahms: Alto Rhapsody",52411,BBC Music Magazine
350478,BBC Scottish Symphony Orchestra,2540823,753311,"BBC Music, Volume 17, Number 1: Mahler: Rückert-Lieder / Brahms: Alto Rhapsody",52411,BBC Music Magazine
10293,Gustav Mahler,2543952,726360,"BBC Music, Volume 1, Number 9: Symphony no. 5",52411,BBC Music Magazine
358288,尾高忠明,2543952,726360,"BBC Music, Volume 1, Number 9: Symphony no. 5",52411,BBC Music Magazine
112082,Murray Gold,2468449,571322,Doctor Who: Original Television Soundtrack,1553,Silva Screen Records
112082,Murray Gold,2468449,571322,Doctor Who: Original Television Soundtrack,1553,Silva Screen Records
112082,Murray Gold,2468449,571322,Doctor Who: Original Television Soundtrack,1553,Silva Screen Records
112082,Murray Gold,2468449,658626,Doctor Who: Series 3: Original Television Soundtrack,1553,Silva Screen Records
112082,Murray Gold,2468449,658626,Doctor Who: Series 3: Original Television Soundtrack,1553,Silva Screen Records
34491,Felix Mendelssohn,2541728,883308,"BBC Music, Volume 17, Number 10: Symphony no. 2, “Lobgesang” (Hymn of Praise)",52411,BBC Music Magazine
617150,BBC National Chorus of Wales,2541728,883308,"BBC Music, Volume 17, Number 10: Symphony no. 2, “Lobgesang” (Hymn of Praise)",52411,BBC Music Magazine
316590,Véronique Gens,2541728,883308,"BBC Music, Volume 17, Number 10: Symphony no. 2, “Lobgesang” (Hymn of Praise)",52411,BBC Music Magazine
493249,Pamela Helen Stephen,2541728,883308,"BBC Music, Volume 17, Number 10: Symphony no. 2, “Lobgesang” (Hymn of Praise)",52411,BBC Music Magazine
442305,Robert Tear,2541728,883308,"BBC Music, Volume 17, Number 10: Symphony no. 2, “Lobgesang” (Hymn of Praise)",52411,BBC Music Magazine
81420,Richard Hickox,2541728,883308,"BBC Music, Volume 17, Number 10: Symphony no. 2, “Lobgesang” (Hymn of Praise)",52411,BBC Music Magazine
45435,Leoš Janáček,2541407,812749,"BBC Music, Volume 17, Number 6: Sinfonietta / Glagolitic Mass",52411,BBC Music Magazine
124934,BBC Philharmonic,2541407,812749,"BBC Music, Volume 17, Number 6: Sinfonietta / Glagolitic Mass",52411,BBC Music Magazine
617150,BBC National Chorus of Wales,2541407,812749,"BBC Music, Volume 17, Number 6: Sinfonietta / Glagolitic Mass",52411,BBC Music Magazine
1887955,Bristol Choral Society,2541407,812749,"BBC Music, Volume 17, Number 6: Sinfonietta / Glagolitic Mass",52411,BBC Music Magazine
81420,Richard Hickox,2541407,812749,"BBC Music, Volume 17, Number 6: Sinfonietta / Glagolitic Mass",52411,BBC Music Magazine
236205,Charles Mackerras,2541407,812749,"BBC Music, Volume 17, Number 6: Sinfonietta / Glagolitic Mass",52411,BBC Music Magazine
12181,Johannes Brahms,2541749,879530,"BBC Music, Volume 18, Number 1: Piano Concerto no. 1 / Academic Festival Overture",52411,BBC Music Magazine
350478,BBC Scottish Symphony Orchestra,2541749,879530,"BBC Music, Volume 18, Number 1: Piano Concerto no. 1 / Academic Festival Overture",52411,BBC Music Magazine
692237,Christoph König,2541749,879530,"BBC Music, Volume 18, Number 1: Piano Concerto no. 1 / Academic Festival Overture",52411,BBC Music Magazine
81420,Richard Hickox,2541749,879530,"BBC Music, Volume 18, Number 1: Piano Concerto no. 1 / Academic Festival Overture",52411,BBC Music Magazine
648037,Nelson Goerner,2541749,879530,"BBC Music, Volume 18, Number 1: Piano Concerto no. 1 / Academic Festival Overture",52411,BBC Music Magazine
30462,Francis Poulenc,2531669,975707,"BBC Music, Volume 18, Number 9: Poulenc: Concert champêtre / Bach: Partita no. 4 in D, BWV 828",52411,BBC Music Magazine
2327,Johann Sebastian Bach,2531669,975707,"BBC Music, Volume 18, Number 9: Poulenc: Concert champêtre / Bach: Partita no. 4 in D, BWV 828",52411,BBC Music Magazine
731560,Mahan Esfahani,2531669,975707,"BBC Music, Volume 18, Number 9: Poulenc: Concert champêtre / Bach: Partita no. 4 in D, BWV 828",52411,BBC Music Magazine
635567,Martyn Brabbins,2531669,975707,"BBC Music, Volume 18, Number 9: Poulenc: Concert champêtre / Bach: Partita no. 4 in D, BWV 828",52411,BBC Music Magazine
45916,César Franck,2500668,816093,"BBC Music, Volume 8, Number 12: Live From the Proms: Franck: Symphony in D minor / Chausson: Poème de l’Amour et de la Mer",52411,BBC Music Magazine
52995,Ernest Chausson,2500668,816093,"BBC Music, Volume 8, Number 12: Live From the Proms: Franck: Symphony in D minor / Chausson: Poème de l’Amour et de la Mer",52411,BBC Music Magazine
12181,Johannes Brahms,2540664,2117800,"BBC Music, Volume 26, Number 5: Brahms: Symphony no. 4 / Schubert: Lieder",52411,BBC Music Magazine
12438,Franz Schubert,2540664,2117800,"BBC Music, Volume 26, Number 5: Brahms: Symphony no. 4 / Schubert: Lieder",52411,BBC Music Magazine
1147446,Benjamin Appl,2540664,2117800,"BBC Music, Volume 26, Number 5: Brahms: Symphony no. 4 / Schubert: Lieder",52411,BBC Music Magazine
350478,BBC Scottish Symphony Orchestra,2540664,2117800,"BBC Music, Volume 26, Number 5: Brahms: Symphony no. 4 / Schubert: Lieder",52411,BBC Music Magazine
963599,Thomas Søndergård,2540664,2117800,"BBC Music, Volume 26, Number 5: Brahms: Symphony no. 4 / Schubert: Lieder",52411,BBC Music Magazine
921448,John Wilson,2540664,2117800,"BBC Music, Volume 26, Number 5: Brahms: Symphony no. 4 / Schubert: Lieder",52411,BBC Music Magazine
37740,Leonard Bernstein,2540665,2117767,"BBC Music, Volume 26, Number 4: Serenade / Facsimile / Prelude, Fugue and Riffs",52411,BBC Music Magazine
375587,Anne Akiko Meyers,2540665,2117767,"BBC Music, Volume 26, Number 4: Serenade / Facsimile / Prelude, Fugue and Riffs",52411,BBC Music Magazine
350478,BBC Scottish Symphony Orchestra,2540665,2117767,"BBC Music, Volume 26, Number 4: Serenade / Facsimile / Prelude, Fugue and Riffs",52411,BBC Music Magazine
755222,Ilan Volkov,2540665,2117767,"BBC Music, Volume 26, Number 4: Serenade / Facsimile / Prelude, Fugue and Riffs",52411,BBC Music Magazine
600713,Eric Stern,2540665,2117767,"BBC Music, Volume 26, Number 4: Serenade / Facsimile / Prelude, Fugue and Riffs",52411,BBC Music Magazine
30467,John Tavener,2564882,1544762,"BBC Music, Volume 22, Number 2: Taverner: The Protecting Veil / Finzi: Dies natalis",52411,BBC Music Magazine
33772,Gerald Finzi,2564882,1544762,"BBC Music, Volume 22, Number 2: Taverner: The Protecting Veil / Finzi: Dies natalis",52411,BBC Music Magazine
175588,Steven Isserlis,2564882,1544762,"BBC Music, Volume 22, Number 2: Taverner: The Protecting Veil / Finzi: Dies natalis",52411,BBC Music Magazine
56312,BBC Symphony Orchestra,2564882,1544762,"BBC Music, Volume 22, Number 2: Taverner: The Protecting Veil / Finzi: Dies natalis",52411,BBC Music Magazine
333923,Геннадий Николаевич Рождественский,2564882,1544762,"BBC Music, Volume 22, Number 2: Taverner: The Protecting Veil / Finzi: Dies natalis",52411,BBC Music Magazine
903583,Andrew Kennedy,2564882,1544762,"BBC Music, Volume 22, Number 2: Taverner: The Protecting Veil / Finzi: Dies natalis",52411,BBC Music Magazine
360682,James Judd,2564882,1544762,"BBC Music, Volume 22, Number 2: Taverner: The Protecting Veil / Finzi: Dies natalis",52411,BBC Music Magazine
9716,Richard Strauss,2564905,2119695,"BBC Music, Volume 22, Number 4: Also sprach Zarathustra / Tod and Verklärung",52411,BBC Music Magazine
9716,Richard Strauss,2564905,2119695,"BBC Music, Volume 22, Number 4: Also sprach Zarathustra / Tod and Verklärung",120374,BBC Radio 3
559141,Jac van Steen,2564905,2119695,"BBC Music, Volume 22, Number 4: Also sprach Zarathustra / Tod and Verklärung",52411,BBC Music Magazine
559141,Jac van Steen,2564905,2119695,"BBC Music, Volume 22, Number 4: Also sprach Zarathustra / Tod and Verklärung",120374,BBC Radio 3
739477,大野和士,2564905,2119695,"BBC Music, Volume 22, Number 4: Also sprach Zarathustra / Tod and Verklärung",52411,BBC Music Magazine
739477,大野和士,2564905,2119695,"BBC Music, Volume 22, Number 4: Also sprach Zarathustra / Tod and Verklärung",120374,BBC Radio 3
32736,Edward Elgar,2565195,1567020,"BBC Music, Volume 22, Number 10: Violin Concerto / The Spirit of England",52411,BBC Music Magazine
557981,James Ehnes,2565195,1567020,"BBC Music, Volume 22, Number 10: Violin Concerto / The Spirit of England",52411,BBC Music Magazine
437554,David Atherton,2565195,1567020,"BBC Music, Volume 22, Number 10: Violin Concerto / The Spirit of England",52411,BBC Music Magazine
461160,Susan Gritton,2565195,1567020,"BBC Music, Volume 22, Number 10: Violin Concerto / The Spirit of England",52411,BBC Music Magazine
903583,Andrew Kennedy,2565195,1567020,"BBC Music, Volume 22, Number 10: Violin Concerto / The Spirit of England",52411,BBC Music Magazine
56312,BBC Symphony Orchestra,2565195,1567020,"BBC Music, Volume 22, Number 10: Violin Concerto / The Spirit of England",52411,BBC Music Magazine
459467,BBC Symphony Chorus,2565195,1567020,"BBC Music, Volume 22, Number 10: Violin Concerto / The Spirit of England",52411,BBC Music Magazine
521436,David Lloyd-Jones,2565195,1567020,"BBC Music, Volume 22, Number 10: Violin Concerto / The Spirit of England",52411,BBC Music Magazine
122653,Пётр Ильич Чайковский,2565519,975723,"BBC Music, Volume 18, Number 10: Piano Concerto no. 2, op. 44 / Capriccio Italien, op. 45",52411,BBC Music Magazine
350811,John Lill,2565519,975723,"BBC Music, Volume 18, Number 10: Piano Concerto no. 2, op. 44 / Capriccio Italien, op. 45",52411,BBC Music Magazine
531196,Walter Weller,2565519,975723,"BBC Music, Volume 18, Number 10: Piano Concerto no. 2, op. 44 / Capriccio Italien, op. 45",52411,BBC Music Magazine
731590,Roberto Minczuk,2565519,975723,"BBC Music, Volume 18, Number 10: Piano Concerto no. 2, op. 44 / Capriccio Italien, op. 45",52411,BBC Music Magazine
23395,Игорь Фёдорович Стравинский,2567582,1071792,"BBC Music, Volume 19, Number 9: Stravinsky: The Firebird / Balakirev: Tamara (symphonic poem)",52411,BBC Music Magazine
55273,Милий Алексеевич Балакирев,2567582,1071792,"BBC Music, Volume 19, Number 9: Stravinsky: The Firebird / Balakirev: Tamara (symphonic poem)",52411,BBC Music Magazine
350478,BBC Scottish Symphony Orchestra,2567582,1071792,"BBC Music, Volume 19, Number 9: Stravinsky: The Firebird / Balakirev: Tamara (symphonic poem)",52411,BBC Music Magazine
755222,Ilan Volkov,2567582,1071792,"BBC Music, Volume 19, Number 9: Stravinsky: The Firebird / Balakirev: Tamara (symphonic poem)",52411,BBC Music Magazine
517628,Thierry Fischer,2567582,1071792,"BBC Music, Volume 19, Number 9: Stravinsky: The Firebird / Balakirev: Tamara (symphonic poem)",52411,BBC Music Magazine
1199563,Rhian Samuel,2581287,2286965,Clytemnestra,3598,BIS
1199563,Rhian Samuel,2581287,2286965,Clytemnestra,3598,BIS
10293,Gustav Mahler,2581287,2286965,Clytemnestra,3598,BIS
10293,Gustav Mahler,2581287,2286965,Clytemnestra,3598,BIS
47856,Alban Berg,2581287,2286965,Clytemnestra,3598,BIS
47856,Alban Berg,2581287,2286965,Clytemnestra,3598,BIS
857546,Ruby Hughes,2581287,2286965,Clytemnestra,3598,BIS
857546,Ruby Hughes,2581287,2286965,Clytemnestra,3598,BIS
559141,Jac van Steen,2581287,2286965,Clytemnestra,3598,BIS
559141,Jac van Steen,2581287,2286965,Clytemnestra,3598,BIS
277669,Alexander von Zemlinsky,2582040,2287685,Symphonies in D minor and B-flat major,388,Hyperion
277669,Alexander von Zemlinsky,2582040,2287685,Symphonies in D minor and B-flat major,388,Hyperion
635567,Martyn Brabbins,2582040,2287685,Symphonies in D minor and B-flat major,388,Hyperion
635567,Martyn Brabbins,2582040,2287685,Symphonies in D minor and B-flat major,388,Hyperion
269090,Christopher Gunning,2586346,2290855,"Symphonies nos. 2, 10 & 12",16197,Signum Classics
1488750,Kenneth Woods,2586346,2290855,"Symphonies nos. 2, 10 & 12",16197,Signum Classics
20157,Jean Sibelius,2972572,2653871,"Sibelius: Violin Concerto in D minor, op. 47 / Humoresques, opp. 87 & 89 / Josephson: Celestial Voyage",109645,Resonus Classics
2147594,Nors S. Josephson,2972572,2653871,"Sibelius: Violin Concerto in D minor, op. 47 / Humoresques, opp. 87 & 89 / Josephson: Celestial Voyage",109645,Resonus Classics
1115028,Fenella Humphreys,2972572,2653871,"Sibelius: Violin Concerto in D minor, op. 47 / Humoresques, opp. 87 & 89 / Josephson: Celestial Voyage",109645,Resonus Classics
1530407,George Vass,2972572,2653871,"Sibelius: Violin Concerto in D minor, op. 47 / Humoresques, opp. 87 & 89 / Josephson: Celestial Voyage",109645,Resonus Classics
623723,David Matthews,2709872,2388228,Symphony no. 2 / Symphony no. 6,82063,Dutton Epoch
559141,Jac van Steen,2709872,2388228,Symphony no. 2 / Symphony no. 6,82063,Dutton Epoch
9414,George Gershwin,2645605,1039938,"BBC Music, Volume 18, Number 7: Great American Classics: Gershwin: Second Rhapsody / Bernstein: Chichester Psalms",52411,BBC Music Magazine
37740,Leonard Bernstein,2645605,1039938,"BBC Music, Volume 18, Number 7: Great American Classics: Gershwin: Second Rhapsody / Bernstein: Chichester Psalms",52411,BBC Music Magazine
350478,BBC Scottish Symphony Orchestra,2645605,1039938,"BBC Music, Volume 18, Number 7: Great American Classics: Gershwin: Second Rhapsody / Bernstein: Chichester Psalms",52411,BBC Music Magazine
831634,BBC Concert Orchestra,2645605,1039938,"BBC Music, Volume 18, Number 7: Great American Classics: Gershwin: Second Rhapsody / Bernstein: Chichester Psalms",52411,BBC Music Magazine
1052903,National Youth Choir of Scotland,2645605,1039938,"BBC Music, Volume 18, Number 7: Great American Classics: Gershwin: Second Rhapsody / Bernstein: Chichester Psalms",52411,BBC Music Magazine
784280,National Youth Choir of Great Britain,2645605,1039938,"BBC Music, Volume 18, Number 7: Great American Classics: Gershwin: Second Rhapsody / Bernstein: Chichester Psalms",52411,BBC Music Magazine
119922,Rodolfus Choir,2645605,1039938,"BBC Music, Volume 18, Number 7: Great American Classics: Gershwin: Second Rhapsody / Bernstein: Chichester Psalms",52411,BBC Music Magazine
500565,Peter Jablonski,2645605,1039938,"BBC Music, Volume 18, Number 7: Great American Classics: Gershwin: Second Rhapsody / Bernstein: Chichester Psalms",52411,BBC Music Magazine
2461,Duke Ellington,2645605,1039938,"BBC Music, Volume 18, Number 7: Great American Classics: Gershwin: Second Rhapsody / Bernstein: Chichester Psalms",52411,BBC Music Magazine
86495,Ferde Grofé,2645605,1039938,"BBC Music, Volume 18, Number 7: Great American Classics: Gershwin: Second Rhapsody / Bernstein: Chichester Psalms",52411,BBC Music Magazine
845465,Guto Puw,2711040,2389112,Reservoirs: Gweithiau Cerddorfaol gan Guto Pryderi Puw,16197,Signum Classics
845465,Guto Puw,2711040,2389112,Reservoirs: Gweithiau Cerddorfaol gan Guto Pryderi Puw,16197,Signum Classics
845465,Guto Puw,2711040,2389112,Reservoirs: Gweithiau Cerddorfaol gan Guto Pryderi Puw,16197,Signum Classics
559141,Jac van Steen,2711040,2389112,Reservoirs: Gweithiau Cerddorfaol gan Guto Pryderi Puw,16197,Signum Classics
559141,Jac van Steen,2711040,2389112,Reservoirs: Gweithiau Cerddorfaol gan Guto Pryderi Puw,16197,Signum Classics
559141,Jac van Steen,2711040,2389112,Reservoirs: Gweithiau Cerddorfaol gan Guto Pryderi Puw,16197,Signum Classics
252121,Sir Harrison Birtwistle,2711061,2389131,Trumpet Renaissance,1842,Chandos
252121,Sir Harrison Birtwistle,2711061,2389131,Trumpet Renaissance,1842,Chandos
1969280,Christian Jost,2711061,2389131,Trumpet Renaissance,1842,Chandos
1969280,Christian Jost,2711061,2389131,Trumpet Renaissance,1842,Chandos
1978434,Kurt Roger,2711061,2389131,Trumpet Renaissance,1842,Chandos
1978434,Kurt Roger,2711061,2389131,Trumpet Renaissance,1842,Chandos
474832,Ալեքսանդր Գրիգորի Հարությունյան,2711061,2389131,Trumpet Renaissance,1842,Chandos
474832,Ալեքսանդր Գրիգորի Հարությունյան,2711061,2389131,Trumpet Renaissance,1842,Chandos
1490598,Philippe Schartz,2711061,2389131,Trumpet Renaissance,1842,Chandos
1490598,Philippe Schartz,2711061,2389131,Trumpet Renaissance,1842,Chandos
559141,Jac van Steen,2711061,2389131,Trumpet Renaissance,1842,Chandos
559141,Jac van Steen,2711061,2389131,Trumpet Renaissance,1842,Chandos
1021,Ludwig van Beethoven,2718595,2396691,Beethoven Reimagined,198,Naxos
1021,Ludwig van Beethoven,2718595,2396691,Beethoven Reimagined,198,Naxos
639636,Gabriel Prokofiev,2718595,2396691,Beethoven Reimagined,198,Naxos
639636,Gabriel Prokofiev,2718595,2396691,Beethoven Reimagined,198,Naxos
1267551,Yaniv Segal,2718595,2396691,Beethoven Reimagined,198,Naxos
1267551,Yaniv Segal,2718595,2396691,Beethoven Reimagined,198,Naxos
168796,Альфред Гарриевич Шнитке,2829596,2501905,Symphony no. 6 / Symphony no. 7,3598,BIS
358288,尾高忠明,2829596,2501905,Symphony no. 6 / Symphony no. 7,3598,BIS
22462,Ralph Vaughan Williams,2919608,2593761,"BBC Music, Volume 29, Number 2: Vaughan Williams: The Lark Ascending",52411,BBC Music Magazine
171234,Frederick Delius,2919608,2593761,"BBC Music, Volume 29, Number 2: Vaughan Williams: The Lark Ascending",52411,BBC Music Magazine
126823,Peter Warlock,2919608,2593761,"BBC Music, Volume 29, Number 2: Vaughan Williams: The Lark Ascending",52411,BBC Music Magazine
56312,BBC Symphony Orchestra,2919608,2593761,"BBC Music, Volume 29, Number 2: Vaughan Williams: The Lark Ascending",52411,BBC Music Magazine
887248,London Conchord Ensemble,2919608,2593761,"BBC Music, Volume 29, Number 2: Vaughan Williams: The Lark Ascending",52411,BBC Music Magazine
260360,Iona Brown,2919608,2593761,"BBC Music, Volume 29, Number 2: Vaughan Williams: The Lark Ascending",52411,BBC Music Magazine
929448,Robin Tritschler,2919608,2593761,"BBC Music, Volume 29, Number 2: Vaughan Williams: The Lark Ascending",52411,BBC Music Magazine
114087,Sir Andrew Davis,2919608,2593761,"BBC Music, Volume 29, Number 2: Vaughan Williams: The Lark Ascending",52411,BBC Music Magazine
240722,Elgar Howarth,2919608,2593761,"BBC Music, Volume 29, Number 2: Vaughan Williams: The Lark Ascending",52411,BBC Music Magazine
838276,Michael Francis,2919608,2593761,"BBC Music, Volume 29, Number 2: Vaughan Williams: The Lark Ascending",52411,BBC Music Magazine
229831,Brian Easdale,2936093,2613235,The Film Music Of Brian Easdale,75266,Chandos Movies
839021,Rumon Gamba,2936093,2613235,The Film Music Of Brian Easdale,75266,Chandos Movies
846941,Florence Price,2936667,2613915,"BBC Music, Volume 29, Number 1: Price: Symphony no. 3 in C minor / Concert Overture no. 1",52411,BBC Music Magazine
454305,Errollyn Wallen,2936667,2613915,"BBC Music, Volume 29, Number 1: Price: Symphony no. 3 in C minor / Concert Overture no. 1",52411,BBC Music Magazine
1216639,Eleanor Alberga,2936667,2613915,"BBC Music, Volume 29, Number 1: Price: Symphony no. 3 in C minor / Concert Overture no. 1",52411,BBC Music Magazine
56312,BBC Symphony Orchestra,2936667,2613915,"BBC Music, Volume 29, Number 1: Price: Symphony no. 3 in C minor / Concert Overture no. 1",52411,BBC Music Magazine
459467,BBC Symphony Chorus,2936667,2613915,"BBC Music, Volume 29, Number 1: Price: Symphony no. 3 in C minor / Concert Overture no. 1",52411,BBC Music Magazine
1123926,Michael Seal,2936667,2613915,"BBC Music, Volume 29, Number 1: Price: Symphony no. 3 in C minor / Concert Overture no. 1",52411,BBC Music Magazine
1779816,Valentina Peleggi,2936667,2613915,"BBC Music, Volume 29, Number 1: Price: Symphony no. 3 in C minor / Concert Overture no. 1",52411,BBC Music Magazine
897861,Nicholas Collon,2936667,2613915,"BBC Music, Volume 29, Number 1: Price: Symphony no. 3 in C minor / Concert Overture no. 1",52411,BBC Music Magazine
245010,Marin Alsop,2936667,2613915,"BBC Music, Volume 29, Number 1: Price: Symphony no. 3 in C minor / Concert Overture no. 1",52411,BBC Music Magazine
52994,Vincent d’Indy,2941581,2618923,Wallenstein / Saugefleurie / Lied / Choral varié,388,Hyperion
678187,Lawrence Power,2941581,2618923,Wallenstein / Saugefleurie / Lied / Choral varié,388,Hyperion
517628,Thierry Fischer,2941581,2618923,Wallenstein / Saugefleurie / Lied / Choral varié,388,Hyperion
158225,Frank Bridge,3038518,1536918,"BBC Music, Volume 22, Number 9: An Elegy for War",52411,BBC Music Magazine
142475,Ivor Gurney,3038518,1536918,"BBC Music, Volume 22, Number 9: An Elegy for War",52411,BBC Music Magazine
175588,Steven Isserlis,3038518,1536918,"BBC Music, Volume 22, Number 9: An Elegy for War",52411,BBC Music Magazine
350478,BBC Scottish Symphony Orchestra,3038518,1536918,"BBC Music, Volume 22, Number 9: An Elegy for War",52411,BBC Music Magazine
56312,BBC Symphony Orchestra,3038518,1536918,"BBC Music, Volume 22, Number 9: An Elegy for War",52411,BBC Music Magazine
81420,Richard Hickox,3038518,1536918,"BBC Music, Volume 22, Number 9: An Elegy for War",52411,BBC Music Magazine
512913,David Parry,3038518,1536918,"BBC Music, Volume 22, Number 9: An Elegy for War",52411,BBC Music Magazine
521436,David Lloyd-Jones,3038518,1536918,"BBC Music, Volume 22, Number 9: An Elegy for War",52411,BBC Music Magazine
33725,Сергей Васильевич Рахманинов,3042446,2715048,"BBC Music Volume 29, Number 11: Rachmaninov: The Bells / Musorgsky: Pictures at an Exhibition",52411,BBC Music Magazine
34560,Модест Петрович Мусоргский,3042446,2715048,"BBC Music Volume 29, Number 11: Rachmaninov: The Bells / Musorgsky: Pictures at an Exhibition",52411,BBC Music Magazine
1474427,Natalya Romaniw,3042446,2715048,"BBC Music Volume 29, Number 11: Rachmaninov: The Bells / Musorgsky: Pictures at an Exhibition",52411,BBC Music Magazine
523247,Oleg Dolgov,3042446,2715048,"BBC Music Volume 29, Number 11: Rachmaninov: The Bells / Musorgsky: Pictures at an Exhibition",52411,BBC Music Magazine
1842143,Iurii Samoilov,3042446,2715048,"BBC Music Volume 29, Number 11: Rachmaninov: The Bells / Musorgsky: Pictures at an Exhibition",52411,BBC Music Magazine
617150,BBC National Chorus of Wales,3042446,2715048,"BBC Music Volume 29, Number 11: Rachmaninov: The Bells / Musorgsky: Pictures at an Exhibition",52411,BBC Music Magazine
260279,Philharmonia Chorus,3042446,2715048,"BBC Music Volume 29, Number 11: Rachmaninov: The Bells / Musorgsky: Pictures at an Exhibition",52411,BBC Music Magazine
358288,尾高忠明,3042446,2715048,"BBC Music Volume 29, Number 11: Rachmaninov: The Bells / Musorgsky: Pictures at an Exhibition",52411,BBC Music Magazine
863021,François‐Xavier Roth,3042446,2715048,"BBC Music Volume 29, Number 11: Rachmaninov: The Bells / Musorgsky: Pictures at an Exhibition",52411,BBC Music Magazine
15747,Richard Wagner,3043654,415333,"BBC Music, Volume 3, Number 7: Anne Evans sings Wagner at the 1994 Proms",52411,BBC Music Magazine
358288,尾高忠明,3043654,415333,"BBC Music, Volume 3, Number 7: Anne Evans sings Wagner at the 1994 Proms",52411,BBC Music Magazine
